Class {
	#name : #JunAtom,
	#superclass : #Object,
	#instVars : [
		'position',
		'charge'
	],
	#category : 'Jun-Chemistry-Atoms'
}

{ #category : #'instance creation' }
JunAtom class >> at: aJun3dPoint [
	^ self new
		position: aJun3dPoint;
		yourself
]

{ #category : #'chemical properties' }
JunAtom class >> bondRadius1 [
	^ self subclassResponsibility
]

{ #category : #'chemical properties' }
JunAtom class >> bondRadius2 [
	^ self subclassResponsibility
]

{ #category : #'chemical properties' }
JunAtom class >> bondRadius3 [
	^ self subclassResponsibility
]

{ #category : #'graphical properties' }
JunAtom class >> color [
	^ self subclassResponsibility 
]

{ #category : #'chemical properties' }
JunAtom class >> covalentRadius [
	^ self subclassResponsibility
]

{ #category : #examples }
JunAtom class >> example1 [
	"JunAtom example1"

	| form rc projection |
	form := Form extent: 500 @ 500 depth: 32.
	rc := form renderingContext.
	projection := JunPerspectiveProjection
		eyePoint: 10 _, 10 _, 15
		sightPoint: 0 _, 0 _, 0
		upVector: 0 _, 1 _, 0
		fovy: 30 asDegrees
		near: 0.1
		far: 100.0.
	rc projection: projection.
	rc enableCullface.
	rc clear.
	rc ambientLight: Color darkGray.
	rc lightIndex: 0 parallel: (10 _, 10 _, 15) negated color: Color white.
	(JunCarbon at: -1.1604 _, -0.6711 _, -0.0756) renderOn: rc.
	(JunCarbon at: -1.1621 _, 0.6709 _, -0.0461) renderOn: rc.
	(JunCarbon at: -0.0019 _, 1.3422 _, 0.0296) renderOn: rc.
	(JunCarbon at: 1.1596 _, 0.6708 _, 0.0756) renderOn: rc.
	(JunCarbon at: 1.1615 _, -0.6712 _, 0.0461) renderOn: rc.
	(JunCarbon at: 0.0012 _, -1.3423 _, -0.0296) renderOn: rc.
	(JunHydrogen at: -2.1144 _, -1.2230 _, -0.1378) renderOn: rc.
	(JunHydrogen at: -2.1172 _, 1.2228 _, -0.0839) renderOn: rc.
	(JunHydrogen at: -0.0032 _, 2.4459 _, 0.0539) renderOn: rc.
	(JunHydrogen at: 2.1138 _, 1.2225 _, 0.1378) renderOn: rc.
	(JunHydrogen at: 2.1172 _, -1.2230 _, 0.0840) renderOn: rc.
	(JunHydrogen at: 0.0024 _, -2.4459 _, -0.0539) renderOn: rc.
	rc flush.
	(Delay forMilliseconds: 100) wait.
	rc form asMorph openInWorld
]

{ #category : #'instance creation' }
JunAtom class >> fromXYZLine: aString [
	^ aString trim substrings
		in: [ :atomXYZ | 
			(self symbol: atomXYZ first)
				at:
					(Jun3dPoint x: atomXYZ second asNumber asFloat y: atomXYZ third asNumber asFloat z: atomXYZ fourth asNumber asFloat) ]
]

{ #category : #private }
JunAtom class >> generateTrianglesEnumeratorMethod [
	| triangles |
	triangles := OrderedCollection new.
	triangles
		add:
			{(1 _, 0 _, 0).
			(0 _, 1 _, 0).
			(0 _, 0 _, 1)}.
	triangles
		add:
			{(0 _, 1 _, 0).
			(-1 _, 0 _, 0).
			(0 _, 0 _, 1)}.
	triangles
		add:
			{(-1 _, 0 _, 0).
			(0 _, -1 _, 0).
			(0 _, 0 _, 1)}.
	triangles
		add:
			{(0 _, -1 _, 0).
			(1 _, 0 _, 0).
			(0 _, 0 _, 1)}.
	triangles
		add:
			{(1 _, 0 _, 0).
			(0 _, 0 _, -1).
			(0 _, 1 _, 0)}.
	triangles
		add:
			{(0 _, 1 _, 0).
			(0 _, 0 _, -1).
			(-1 _, 0 _, 0)}.
	triangles
		add:
			{(-1 _, 0 _, 0).
			(0 _, 0 _, -1).
			(0 _, -1 _, 0)}.
	triangles
		add:
			{(0 _, -1 _, 0).
			(0 _, 0 _, -1).
			(1 _, 0 _, 0)}.
	3
		timesRepeat: [ 
			triangles := Array
				new: triangles size * 4
				streamContents: [ :stream | 
					triangles
						do: [ :tri | 
							| p1 p2 p3 v12 v23 v31 |
							p1 := tri first.
							p2 := tri second.
							p3 := tri third.
							v12 := (p1 + p2) unitVector.
							v23 := (p2 + p3) unitVector.
							v31 := (p3 + p1) unitVector.
							stream
								nextPut:
									{p1.
									v12.
									v31}.
							stream
								nextPut:
									{p2.
									v23.
									v12}.
							stream
								nextPut:
									{p3.
									v31.
									v23}.
							stream
								nextPut:
									{v12.
									v23.
									v31} ] ] ].
	JunAtom
		compile:
			(String
				new: 1024
				streamContents: [ :stream | 
					stream nextPutAll: 'triangles' , triangles size printString , 'Do: aBlock'.
					stream cr.
					triangles
						do: [ :tri | 
							stream
								cr;
								nextPutAll:
										'aBlock value: ' , tri first printString , ' value: ' , tri second printString , ' value: ' , tri third printString
												, '.' ] ])
]

{ #category : #'chemical properties' }
JunAtom class >> group [
	^ self subclassResponsibility
]

{ #category : #'chemical properties' }
JunAtom class >> mass [
	^ self subclassResponsibility
]

{ #category : #'chemical properties' }
JunAtom class >> number [
	^ self subclassResponsibility
]

{ #category : #'class access' }
JunAtom class >> number: anInteger [
	^ self suchThat: [ :element | element number = anInteger ] ifAbsent: [  ]
]

{ #category : #'chemical properties' }
JunAtom class >> period [
	^ self subclassResponsibility
]

{ #category : #'class access' }
JunAtom class >> period: period group: group [
	^ self suchThat: [ :element | element period = period and: [ element group = group ] ] ifAbsent: [  ]
]

{ #category : #'class access' }
JunAtom class >> suchThat: aBlock ifAbsent: errorBlock [
	self
		subclassesDo: [ :subclass | 
			(aBlock value: subclass)
				ifTrue: [ ^ subclass ] ].
	^ errorBlock value
]

{ #category : #'chemical properties' }
JunAtom class >> symbol [
	^ self subclassResponsibility
]

{ #category : #'class access' }
JunAtom class >> symbol: aString [
	^ self suchThat: [ :element | element symbol = aString ] ifAbsent: [  ]
]

{ #category : #'instance creation' }
JunAtom class >> symbol: aString at: aJun3dPoint [
	^ (self symbol: aString) ifNotNil: [ :element | element at: aJun3dPoint ]
]

{ #category : #'chemical properties' }
JunAtom class >> vanDerWaalsRadius [
	^ self subclassResponsibility
]

{ #category : #accessing }
JunAtom >> bondRadius1 [
	^ self class bondRadius1
]

{ #category : #accessing }
JunAtom >> bondRadius2 [
	^ self class bondRadius2 
]

{ #category : #accessing }
JunAtom >> bondRadius3 [
	^ self class bondRadius3
]

{ #category : #accessing }
JunAtom >> boundingBox [
	^ self vanDerWaalsBoundingBox
]

{ #category : #accessing }
JunAtom >> charge [
	^ charge ifNil: [ 0 ]
]

{ #category : #accessing }
JunAtom >> charge: anInteger [
	charge := anInteger
]

{ #category : #accessing }
JunAtom >> color [
	^ self class color
]

{ #category : #accessing }
JunAtom >> covalentRadius [
	^ self class covalentRadius
]

{ #category : #accessing }
JunAtom >> covalentRadiusOfOrder: anInteger [
	(anInteger = 1 and: [ self bondRadius1 > 0.0 ])
		ifTrue: [ ^ self bondRadius1 ].
	(anInteger = 2 and: [ self bondRadius2 > 0.0 ])
		ifTrue: [ ^ self bondRadius2 ].
	(anInteger = 3 and: [ self bondRadius3 > 0.0 ])
		ifTrue: [ ^ self bondRadius3 ].
	^ self covalentRadius
]

{ #category : #drawing }
JunAtom >> drawOn: aCanvas at: aPoint scale: pixelsPerÅngströms radius: radius borderWidth: borderWidth borderColor: borderColor [
	aCanvas
		fillOval:
			(self position x @ self position y negated * pixelsPerÅngströms + aPoint - radius extent: radius @ radius * 2.0)
		color: self color
		borderWidth: borderWidth
		borderColor: borderColor
]

{ #category : #drawing }
JunAtom >> drawQuarterVanDerWaalsOn: aCanvas at: aPoint scale: pixelsPerÅngströms [
	| radius |
	radius := self vanDerWaalsRadius / 4.0 * pixelsPerÅngströms.
	aCanvas
		fillOval:
			(self position x @ self position y negated * pixelsPerÅngströms + aPoint - radius extent: radius @ radius * 2.0)
		color: self color
		borderWidth: 1
		borderColor: Color black
]

{ #category : #drawing }
JunAtom >> drawVanDerWaalsOn: aCanvas at: aPoint scale: pixelsPerÅngströms [
	| radius |
	radius := self vanDerWaalsRadius * pixelsPerÅngströms.
	aCanvas
		fillOval:
			(self position x @ self position y negated * pixelsPerÅngströms + aPoint - radius extent: radius @ radius * 2.0)
		color: self color
		borderWidth: 1
		borderColor: Color black
]

{ #category : #accessing }
JunAtom >> group [
	^ self class group
]

{ #category : #accessing }
JunAtom >> mass [
	^ self class mass
]

{ #category : #accessing }
JunAtom >> number [
	^ self class number
]

{ #category : #accessing }
JunAtom >> period [
	^ self class period
]

{ #category : #accessing }
JunAtom >> position [
	^ position
]

{ #category : #accessing }
JunAtom >> position: aJun3dPoint [
	position := aJun3dPoint
]

{ #category : #accessing }
JunAtom >> radius [
	^ self vanDerWaalsRadius
]

{ #category : #rendering }
JunAtom >> renderOn: aJunRenderingContext [
	| r |
	r := self vanDerWaalsRadius * 0.25.
	aJunRenderingContext color: self color.
	self
		triangles128Do: [ :v1 :v2 :v3 | 
			aJunRenderingContext
				displayPolygon: (Array with: v1 * r + position with: v2 * r + position with: v3 * r + position)
				normalVectors: (Array with: v1 unitVector with: v2 unitVector with: v3 unitVector) ]
]

{ #category : #rendering }
JunAtom >> renderRoughOn: aJunRenderingContext [
	| r |
	r := self vanDerWaalsRadius * 0.25.
	aJunRenderingContext color: self color.
	self
		triangles32Do: [ :v1 :v2 :v3 | 
			aJunRenderingContext
				displayPolygon: (Array with: v1 * r + position with: v2 * r + position with: v3 * r + position)
				normalVectors: (Array with: v1 unitVector with: v2 unitVector with: v3 unitVector) ]
]

{ #category : #accessing }
JunAtom >> symbol [
	^ self class symbol
]

{ #category : #transforming }
JunAtom >> transform: aJunTransformation [
	^ self class at: (position transform: aJunTransformation)
]

{ #category : #private }
JunAtom >> triangles128Do: aBlock [
	aBlock
		value: 1.0 _ , 0.0 _ , 0.0
		value: 0.9238795325112867 _ , 0.3826834323650898 _ , 0.0
		value: 0.9238795325112867 _ , 0.0 _ , 0.3826834323650898.
	aBlock
		value: 0.7071067811865475 _ , 0.7071067811865475 _ , 0.0
		value: 0.816496580927726 _ , 0.408248290463863 _ , 0.408248290463863
		value: 0.9238795325112867 _ , 0.3826834323650898 _ , 0.0.
	aBlock
		value: 0.7071067811865475 _ , 0.0 _ , 0.7071067811865475
		value: 0.9238795325112867 _ , 0.0 _ , 0.3826834323650898
		value: 0.816496580927726 _ , 0.408248290463863 _ , 0.408248290463863.
	aBlock
		value: 0.9238795325112867 _ , 0.3826834323650898 _ , 0.0
		value: 0.816496580927726 _ , 0.408248290463863 _ , 0.408248290463863
		value: 0.9238795325112867 _ , 0.0 _ , 0.3826834323650898.
	aBlock
		value: 0.0 _ , 1.0 _ , 0.0
		value: 0.0 _ , 0.9238795325112867 _ , 0.3826834323650898
		value: 0.3826834323650898 _ , 0.9238795325112867 _ , 0.0.
	aBlock
		value: 0.0 _ , 0.7071067811865475 _ , 0.7071067811865475
		value: 0.408248290463863 _ , 0.816496580927726 _ , 0.408248290463863
		value: 0.0 _ , 0.9238795325112867 _ , 0.3826834323650898.
	aBlock
		value: 0.7071067811865475 _ , 0.7071067811865475 _ , 0.0
		value: 0.3826834323650898 _ , 0.9238795325112867 _ , 0.0
		value: 0.408248290463863 _ , 0.816496580927726 _ , 0.408248290463863.
	aBlock
		value: 0.0 _ , 0.9238795325112867 _ , 0.3826834323650898
		value: 0.408248290463863 _ , 0.816496580927726 _ , 0.408248290463863
		value: 0.3826834323650898 _ , 0.9238795325112867 _ , 0.0.
	aBlock
		value: 0.0 _ , 0.0 _ , 1.0
		value: 0.3826834323650898 _ , 0.0 _ , 0.9238795325112867
		value: 0.0 _ , 0.3826834323650898 _ , 0.9238795325112867.
	aBlock
		value: 0.7071067811865475 _ , 0.0 _ , 0.7071067811865475
		value: 0.408248290463863 _ , 0.408248290463863 _ , 0.816496580927726
		value: 0.3826834323650898 _ , 0.0 _ , 0.9238795325112867.
	aBlock
		value: 0.0 _ , 0.7071067811865475 _ , 0.7071067811865475
		value: 0.0 _ , 0.3826834323650898 _ , 0.9238795325112867
		value: 0.408248290463863 _ , 0.408248290463863 _ , 0.816496580927726.
	aBlock
		value: 0.3826834323650898 _ , 0.0 _ , 0.9238795325112867
		value: 0.408248290463863 _ , 0.408248290463863 _ , 0.816496580927726
		value: 0.0 _ , 0.3826834323650898 _ , 0.9238795325112867.
	aBlock
		value: 0.7071067811865475 _ , 0.7071067811865475 _ , 0.0
		value: 0.408248290463863 _ , 0.816496580927726 _ , 0.408248290463863
		value: 0.816496580927726 _ , 0.408248290463863 _ , 0.408248290463863.
	aBlock
		value: 0.0 _ , 0.7071067811865475 _ , 0.7071067811865475
		value: 0.408248290463863 _ , 0.408248290463863 _ , 0.816496580927726
		value: 0.408248290463863 _ , 0.816496580927726 _ , 0.408248290463863.
	aBlock
		value: 0.7071067811865475 _ , 0.0 _ , 0.7071067811865475
		value: 0.816496580927726 _ , 0.408248290463863 _ , 0.408248290463863
		value: 0.408248290463863 _ , 0.408248290463863 _ , 0.816496580927726.
	aBlock
		value: 0.408248290463863 _ , 0.816496580927726 _ , 0.408248290463863
		value: 0.408248290463863 _ , 0.408248290463863 _ , 0.816496580927726
		value: 0.816496580927726 _ , 0.408248290463863 _ , 0.408248290463863.
	aBlock
		value: 0.0 _ , 1.0 _ , 0.0
		value: -0.3826834323650898 _ , 0.9238795325112867 _ , 0.0
		value: 0.0 _ , 0.9238795325112867 _ , 0.3826834323650898.
	aBlock
		value: -0.7071067811865475 _ , 0.7071067811865475 _ , 0.0
		value: -0.408248290463863 _ , 0.816496580927726 _ , 0.408248290463863
		value: -0.3826834323650898 _ , 0.9238795325112867 _ , 0.0.
	aBlock
		value: 0.0 _ , 0.7071067811865475 _ , 0.7071067811865475
		value: 0.0 _ , 0.9238795325112867 _ , 0.3826834323650898
		value: -0.408248290463863 _ , 0.816496580927726 _ , 0.408248290463863.
	aBlock
		value: -0.3826834323650898 _ , 0.9238795325112867 _ , 0.0
		value: -0.408248290463863 _ , 0.816496580927726 _ , 0.408248290463863
		value: 0.0 _ , 0.9238795325112867 _ , 0.3826834323650898.
	aBlock
		value: -1.0 _ , 0.0 _ , 0.0
		value: -0.9238795325112867 _ , 0.0 _ , 0.3826834323650898
		value: -0.9238795325112867 _ , 0.3826834323650898 _ , 0.0.
	aBlock
		value: -0.7071067811865475 _ , 0.0 _ , 0.7071067811865475
		value: -0.816496580927726 _ , 0.408248290463863 _ , 0.408248290463863
		value: -0.9238795325112867 _ , 0.0 _ , 0.3826834323650898.
	aBlock
		value: -0.7071067811865475 _ , 0.7071067811865475 _ , 0.0
		value: -0.9238795325112867 _ , 0.3826834323650898 _ , 0.0
		value: -0.816496580927726 _ , 0.408248290463863 _ , 0.408248290463863.
	aBlock
		value: -0.9238795325112867 _ , 0.0 _ , 0.3826834323650898
		value: -0.816496580927726 _ , 0.408248290463863 _ , 0.408248290463863
		value: -0.9238795325112867 _ , 0.3826834323650898 _ , 0.0.
	aBlock
		value: 0.0 _ , 0.0 _ , 1.0
		value: 0.0 _ , 0.3826834323650898 _ , 0.9238795325112867
		value: -0.3826834323650898 _ , 0.0 _ , 0.9238795325112867.
	aBlock
		value: 0.0 _ , 0.7071067811865475 _ , 0.7071067811865475
		value: -0.408248290463863 _ , 0.408248290463863 _ , 0.816496580927726
		value: 0.0 _ , 0.3826834323650898 _ , 0.9238795325112867.
	aBlock
		value: -0.7071067811865475 _ , 0.0 _ , 0.7071067811865475
		value: -0.3826834323650898 _ , 0.0 _ , 0.9238795325112867
		value: -0.408248290463863 _ , 0.408248290463863 _ , 0.816496580927726.
	aBlock
		value: 0.0 _ , 0.3826834323650898 _ , 0.9238795325112867
		value: -0.408248290463863 _ , 0.408248290463863 _ , 0.816496580927726
		value: -0.3826834323650898 _ , 0.0 _ , 0.9238795325112867.
	aBlock
		value: -0.7071067811865475 _ , 0.7071067811865475 _ , 0.0
		value: -0.816496580927726 _ , 0.408248290463863 _ , 0.408248290463863
		value: -0.408248290463863 _ , 0.816496580927726 _ , 0.408248290463863.
	aBlock
		value: -0.7071067811865475 _ , 0.0 _ , 0.7071067811865475
		value: -0.408248290463863 _ , 0.408248290463863 _ , 0.816496580927726
		value: -0.816496580927726 _ , 0.408248290463863 _ , 0.408248290463863.
	aBlock
		value: 0.0 _ , 0.7071067811865475 _ , 0.7071067811865475
		value: -0.408248290463863 _ , 0.816496580927726 _ , 0.408248290463863
		value: -0.408248290463863 _ , 0.408248290463863 _ , 0.816496580927726.
	aBlock
		value: -0.816496580927726 _ , 0.408248290463863 _ , 0.408248290463863
		value: -0.408248290463863 _ , 0.408248290463863 _ , 0.816496580927726
		value: -0.408248290463863 _ , 0.816496580927726 _ , 0.408248290463863.
	aBlock
		value: -1.0 _ , 0.0 _ , 0.0
		value: -0.9238795325112867 _ , -0.3826834323650898 _ , 0.0
		value: -0.9238795325112867 _ , 0.0 _ , 0.3826834323650898.
	aBlock
		value: -0.7071067811865475 _ , -0.7071067811865475 _ , 0.0
		value: -0.816496580927726 _ , -0.408248290463863 _ , 0.408248290463863
		value: -0.9238795325112867 _ , -0.3826834323650898 _ , 0.0.
	aBlock
		value: -0.7071067811865475 _ , 0.0 _ , 0.7071067811865475
		value: -0.9238795325112867 _ , 0.0 _ , 0.3826834323650898
		value: -0.816496580927726 _ , -0.408248290463863 _ , 0.408248290463863.
	aBlock
		value: -0.9238795325112867 _ , -0.3826834323650898 _ , 0.0
		value: -0.816496580927726 _ , -0.408248290463863 _ , 0.408248290463863
		value: -0.9238795325112867 _ , 0.0 _ , 0.3826834323650898.
	aBlock
		value: 0.0 _ , -1.0 _ , 0.0
		value: 0.0 _ , -0.9238795325112867 _ , 0.3826834323650898
		value: -0.3826834323650898 _ , -0.9238795325112867 _ , 0.0.
	aBlock
		value: 0.0 _ , -0.7071067811865475 _ , 0.7071067811865475
		value: -0.408248290463863 _ , -0.816496580927726 _ , 0.408248290463863
		value: 0.0 _ , -0.9238795325112867 _ , 0.3826834323650898.
	aBlock
		value: -0.7071067811865475 _ , -0.7071067811865475 _ , 0.0
		value: -0.3826834323650898 _ , -0.9238795325112867 _ , 0.0
		value: -0.408248290463863 _ , -0.816496580927726 _ , 0.408248290463863.
	aBlock
		value: 0.0 _ , -0.9238795325112867 _ , 0.3826834323650898
		value: -0.408248290463863 _ , -0.816496580927726 _ , 0.408248290463863
		value: -0.3826834323650898 _ , -0.9238795325112867 _ , 0.0.
	aBlock
		value: 0.0 _ , 0.0 _ , 1.0
		value: -0.3826834323650898 _ , 0.0 _ , 0.9238795325112867
		value: 0.0 _ , -0.3826834323650898 _ , 0.9238795325112867.
	aBlock
		value: -0.7071067811865475 _ , 0.0 _ , 0.7071067811865475
		value: -0.408248290463863 _ , -0.408248290463863 _ , 0.816496580927726
		value: -0.3826834323650898 _ , 0.0 _ , 0.9238795325112867.
	aBlock
		value: 0.0 _ , -0.7071067811865475 _ , 0.7071067811865475
		value: 0.0 _ , -0.3826834323650898 _ , 0.9238795325112867
		value: -0.408248290463863 _ , -0.408248290463863 _ , 0.816496580927726.
	aBlock
		value: -0.3826834323650898 _ , 0.0 _ , 0.9238795325112867
		value: -0.408248290463863 _ , -0.408248290463863 _ , 0.816496580927726
		value: 0.0 _ , -0.3826834323650898 _ , 0.9238795325112867.
	aBlock
		value: -0.7071067811865475 _ , -0.7071067811865475 _ , 0.0
		value: -0.408248290463863 _ , -0.816496580927726 _ , 0.408248290463863
		value: -0.816496580927726 _ , -0.408248290463863 _ , 0.408248290463863.
	aBlock
		value: 0.0 _ , -0.7071067811865475 _ , 0.7071067811865475
		value: -0.408248290463863 _ , -0.408248290463863 _ , 0.816496580927726
		value: -0.408248290463863 _ , -0.816496580927726 _ , 0.408248290463863.
	aBlock
		value: -0.7071067811865475 _ , 0.0 _ , 0.7071067811865475
		value: -0.816496580927726 _ , -0.408248290463863 _ , 0.408248290463863
		value: -0.408248290463863 _ , -0.408248290463863 _ , 0.816496580927726.
	aBlock
		value: -0.408248290463863 _ , -0.816496580927726 _ , 0.408248290463863
		value: -0.408248290463863 _ , -0.408248290463863 _ , 0.816496580927726
		value: -0.816496580927726 _ , -0.408248290463863 _ , 0.408248290463863.
	aBlock
		value: 0.0 _ , -1.0 _ , 0.0
		value: 0.3826834323650898 _ , -0.9238795325112867 _ , 0.0
		value: 0.0 _ , -0.9238795325112867 _ , 0.3826834323650898.
	aBlock
		value: 0.7071067811865475 _ , -0.7071067811865475 _ , 0.0
		value: 0.408248290463863 _ , -0.816496580927726 _ , 0.408248290463863
		value: 0.3826834323650898 _ , -0.9238795325112867 _ , 0.0.
	aBlock
		value: 0.0 _ , -0.7071067811865475 _ , 0.7071067811865475
		value: 0.0 _ , -0.9238795325112867 _ , 0.3826834323650898
		value: 0.408248290463863 _ , -0.816496580927726 _ , 0.408248290463863.
	aBlock
		value: 0.3826834323650898 _ , -0.9238795325112867 _ , 0.0
		value: 0.408248290463863 _ , -0.816496580927726 _ , 0.408248290463863
		value: 0.0 _ , -0.9238795325112867 _ , 0.3826834323650898.
	aBlock
		value: 1.0 _ , 0.0 _ , 0.0
		value: 0.9238795325112867 _ , 0.0 _ , 0.3826834323650898
		value: 0.9238795325112867 _ , -0.3826834323650898 _ , 0.0.
	aBlock
		value: 0.7071067811865475 _ , 0.0 _ , 0.7071067811865475
		value: 0.816496580927726 _ , -0.408248290463863 _ , 0.408248290463863
		value: 0.9238795325112867 _ , 0.0 _ , 0.3826834323650898.
	aBlock
		value: 0.7071067811865475 _ , -0.7071067811865475 _ , 0.0
		value: 0.9238795325112867 _ , -0.3826834323650898 _ , 0.0
		value: 0.816496580927726 _ , -0.408248290463863 _ , 0.408248290463863.
	aBlock
		value: 0.9238795325112867 _ , 0.0 _ , 0.3826834323650898
		value: 0.816496580927726 _ , -0.408248290463863 _ , 0.408248290463863
		value: 0.9238795325112867 _ , -0.3826834323650898 _ , 0.0.
	aBlock
		value: 0.0 _ , 0.0 _ , 1.0
		value: 0.0 _ , -0.3826834323650898 _ , 0.9238795325112867
		value: 0.3826834323650898 _ , 0.0 _ , 0.9238795325112867.
	aBlock
		value: 0.0 _ , -0.7071067811865475 _ , 0.7071067811865475
		value: 0.408248290463863 _ , -0.408248290463863 _ , 0.816496580927726
		value: 0.0 _ , -0.3826834323650898 _ , 0.9238795325112867.
	aBlock
		value: 0.7071067811865475 _ , 0.0 _ , 0.7071067811865475
		value: 0.3826834323650898 _ , 0.0 _ , 0.9238795325112867
		value: 0.408248290463863 _ , -0.408248290463863 _ , 0.816496580927726.
	aBlock
		value: 0.0 _ , -0.3826834323650898 _ , 0.9238795325112867
		value: 0.408248290463863 _ , -0.408248290463863 _ , 0.816496580927726
		value: 0.3826834323650898 _ , 0.0 _ , 0.9238795325112867.
	aBlock
		value: 0.7071067811865475 _ , -0.7071067811865475 _ , 0.0
		value: 0.816496580927726 _ , -0.408248290463863 _ , 0.408248290463863
		value: 0.408248290463863 _ , -0.816496580927726 _ , 0.408248290463863.
	aBlock
		value: 0.7071067811865475 _ , 0.0 _ , 0.7071067811865475
		value: 0.408248290463863 _ , -0.408248290463863 _ , 0.816496580927726
		value: 0.816496580927726 _ , -0.408248290463863 _ , 0.408248290463863.
	aBlock
		value: 0.0 _ , -0.7071067811865475 _ , 0.7071067811865475
		value: 0.408248290463863 _ , -0.816496580927726 _ , 0.408248290463863
		value: 0.408248290463863 _ , -0.408248290463863 _ , 0.816496580927726.
	aBlock
		value: 0.816496580927726 _ , -0.408248290463863 _ , 0.408248290463863
		value: 0.408248290463863 _ , -0.408248290463863 _ , 0.816496580927726
		value: 0.408248290463863 _ , -0.816496580927726 _ , 0.408248290463863.
	aBlock
		value: 1.0 _ , 0.0 _ , 0.0
		value: 0.9238795325112867 _ , -0.3826834323650898 _ , 0.0
		value: 0.9238795325112867 _ , 0.0 _ , -0.3826834323650898.
	aBlock
		value: 0.7071067811865475 _ , -0.7071067811865475 _ , 0.0
		value: 0.816496580927726 _ , -0.408248290463863 _ , -0.408248290463863
		value: 0.9238795325112867 _ , -0.3826834323650898 _ , 0.0.
	aBlock
		value: 0.7071067811865475 _ , 0.0 _ , -0.7071067811865475
		value: 0.9238795325112867 _ , 0.0 _ , -0.3826834323650898
		value: 0.816496580927726 _ , -0.408248290463863 _ , -0.408248290463863.
	aBlock
		value: 0.9238795325112867 _ , -0.3826834323650898 _ , 0.0
		value: 0.816496580927726 _ , -0.408248290463863 _ , -0.408248290463863
		value: 0.9238795325112867 _ , 0.0 _ , -0.3826834323650898.
	aBlock
		value: 0.0 _ , -1.0 _ , 0.0
		value: 0.0 _ , -0.9238795325112867 _ , -0.3826834323650898
		value: 0.3826834323650898 _ , -0.9238795325112867 _ , 0.0.
	aBlock
		value: 0.0 _ , -0.7071067811865475 _ , -0.7071067811865475
		value: 0.408248290463863 _ , -0.816496580927726 _ , -0.408248290463863
		value: 0.0 _ , -0.9238795325112867 _ , -0.3826834323650898.
	aBlock
		value: 0.7071067811865475 _ , -0.7071067811865475 _ , 0.0
		value: 0.3826834323650898 _ , -0.9238795325112867 _ , 0.0
		value: 0.408248290463863 _ , -0.816496580927726 _ , -0.408248290463863.
	aBlock
		value: 0.0 _ , -0.9238795325112867 _ , -0.3826834323650898
		value: 0.408248290463863 _ , -0.816496580927726 _ , -0.408248290463863
		value: 0.3826834323650898 _ , -0.9238795325112867 _ , 0.0.
	aBlock
		value: 0.0 _ , 0.0 _ , -1.0
		value: 0.3826834323650898 _ , 0.0 _ , -0.9238795325112867
		value: 0.0 _ , -0.3826834323650898 _ , -0.9238795325112867.
	aBlock
		value: 0.7071067811865475 _ , 0.0 _ , -0.7071067811865475
		value: 0.408248290463863 _ , -0.408248290463863 _ , -0.816496580927726
		value: 0.3826834323650898 _ , 0.0 _ , -0.9238795325112867.
	aBlock
		value: 0.0 _ , -0.7071067811865475 _ , -0.7071067811865475
		value: 0.0 _ , -0.3826834323650898 _ , -0.9238795325112867
		value: 0.408248290463863 _ , -0.408248290463863 _ , -0.816496580927726.
	aBlock
		value: 0.3826834323650898 _ , 0.0 _ , -0.9238795325112867
		value: 0.408248290463863 _ , -0.408248290463863 _ , -0.816496580927726
		value: 0.0 _ , -0.3826834323650898 _ , -0.9238795325112867.
	aBlock
		value: 0.7071067811865475 _ , -0.7071067811865475 _ , 0.0
		value: 0.408248290463863 _ , -0.816496580927726 _ , -0.408248290463863
		value: 0.816496580927726 _ , -0.408248290463863 _ , -0.408248290463863.
	aBlock
		value: 0.0 _ , -0.7071067811865475 _ , -0.7071067811865475
		value: 0.408248290463863 _ , -0.408248290463863 _ , -0.816496580927726
		value: 0.408248290463863 _ , -0.816496580927726 _ , -0.408248290463863.
	aBlock
		value: 0.7071067811865475 _ , 0.0 _ , -0.7071067811865475
		value: 0.816496580927726 _ , -0.408248290463863 _ , -0.408248290463863
		value: 0.408248290463863 _ , -0.408248290463863 _ , -0.816496580927726.
	aBlock
		value: 0.408248290463863 _ , -0.816496580927726 _ , -0.408248290463863
		value: 0.408248290463863 _ , -0.408248290463863 _ , -0.816496580927726
		value: 0.816496580927726 _ , -0.408248290463863 _ , -0.408248290463863.
	aBlock
		value: 0.0 _ , -1.0 _ , 0.0
		value: -0.3826834323650898 _ , -0.9238795325112867 _ , 0.0
		value: 0.0 _ , -0.9238795325112867 _ , -0.3826834323650898.
	aBlock
		value: -0.7071067811865475 _ , -0.7071067811865475 _ , 0.0
		value: -0.408248290463863 _ , -0.816496580927726 _ , -0.408248290463863
		value: -0.3826834323650898 _ , -0.9238795325112867 _ , 0.0.
	aBlock
		value: 0.0 _ , -0.7071067811865475 _ , -0.7071067811865475
		value: 0.0 _ , -0.9238795325112867 _ , -0.3826834323650898
		value: -0.408248290463863 _ , -0.816496580927726 _ , -0.408248290463863.
	aBlock
		value: -0.3826834323650898 _ , -0.9238795325112867 _ , 0.0
		value: -0.408248290463863 _ , -0.816496580927726 _ , -0.408248290463863
		value: 0.0 _ , -0.9238795325112867 _ , -0.3826834323650898.
	aBlock
		value: -1.0 _ , 0.0 _ , 0.0
		value: -0.9238795325112867 _ , 0.0 _ , -0.3826834323650898
		value: -0.9238795325112867 _ , -0.3826834323650898 _ , 0.0.
	aBlock
		value: -0.7071067811865475 _ , 0.0 _ , -0.7071067811865475
		value: -0.816496580927726 _ , -0.408248290463863 _ , -0.408248290463863
		value: -0.9238795325112867 _ , 0.0 _ , -0.3826834323650898.
	aBlock
		value: -0.7071067811865475 _ , -0.7071067811865475 _ , 0.0
		value: -0.9238795325112867 _ , -0.3826834323650898 _ , 0.0
		value: -0.816496580927726 _ , -0.408248290463863 _ , -0.408248290463863.
	aBlock
		value: -0.9238795325112867 _ , 0.0 _ , -0.3826834323650898
		value: -0.816496580927726 _ , -0.408248290463863 _ , -0.408248290463863
		value: -0.9238795325112867 _ , -0.3826834323650898 _ , 0.0.
	aBlock
		value: 0.0 _ , 0.0 _ , -1.0
		value: 0.0 _ , -0.3826834323650898 _ , -0.9238795325112867
		value: -0.3826834323650898 _ , 0.0 _ , -0.9238795325112867.
	aBlock
		value: 0.0 _ , -0.7071067811865475 _ , -0.7071067811865475
		value: -0.408248290463863 _ , -0.408248290463863 _ , -0.816496580927726
		value: 0.0 _ , -0.3826834323650898 _ , -0.9238795325112867.
	aBlock
		value: -0.7071067811865475 _ , 0.0 _ , -0.7071067811865475
		value: -0.3826834323650898 _ , 0.0 _ , -0.9238795325112867
		value: -0.408248290463863 _ , -0.408248290463863 _ , -0.816496580927726.
	aBlock
		value: 0.0 _ , -0.3826834323650898 _ , -0.9238795325112867
		value: -0.408248290463863 _ , -0.408248290463863 _ , -0.816496580927726
		value: -0.3826834323650898 _ , 0.0 _ , -0.9238795325112867.
	aBlock
		value: -0.7071067811865475 _ , -0.7071067811865475 _ , 0.0
		value: -0.816496580927726 _ , -0.408248290463863 _ , -0.408248290463863
		value: -0.408248290463863 _ , -0.816496580927726 _ , -0.408248290463863.
	aBlock
		value: -0.7071067811865475 _ , 0.0 _ , -0.7071067811865475
		value: -0.408248290463863 _ , -0.408248290463863 _ , -0.816496580927726
		value: -0.816496580927726 _ , -0.408248290463863 _ , -0.408248290463863.
	aBlock
		value: 0.0 _ , -0.7071067811865475 _ , -0.7071067811865475
		value: -0.408248290463863 _ , -0.816496580927726 _ , -0.408248290463863
		value: -0.408248290463863 _ , -0.408248290463863 _ , -0.816496580927726.
	aBlock
		value: -0.816496580927726 _ , -0.408248290463863 _ , -0.408248290463863
		value: -0.408248290463863 _ , -0.408248290463863 _ , -0.816496580927726
		value: -0.408248290463863 _ , -0.816496580927726 _ , -0.408248290463863.
	aBlock
		value: -1.0 _ , 0.0 _ , 0.0
		value: -0.9238795325112867 _ , 0.3826834323650898 _ , 0.0
		value: -0.9238795325112867 _ , 0.0 _ , -0.3826834323650898.
	aBlock
		value: -0.7071067811865475 _ , 0.7071067811865475 _ , 0.0
		value: -0.816496580927726 _ , 0.408248290463863 _ , -0.408248290463863
		value: -0.9238795325112867 _ , 0.3826834323650898 _ , 0.0.
	aBlock
		value: -0.7071067811865475 _ , 0.0 _ , -0.7071067811865475
		value: -0.9238795325112867 _ , 0.0 _ , -0.3826834323650898
		value: -0.816496580927726 _ , 0.408248290463863 _ , -0.408248290463863.
	aBlock
		value: -0.9238795325112867 _ , 0.3826834323650898 _ , 0.0
		value: -0.816496580927726 _ , 0.408248290463863 _ , -0.408248290463863
		value: -0.9238795325112867 _ , 0.0 _ , -0.3826834323650898.
	aBlock
		value: 0.0 _ , 1.0 _ , 0.0
		value: 0.0 _ , 0.9238795325112867 _ , -0.3826834323650898
		value: -0.3826834323650898 _ , 0.9238795325112867 _ , 0.0.
	aBlock
		value: 0.0 _ , 0.7071067811865475 _ , -0.7071067811865475
		value: -0.408248290463863 _ , 0.816496580927726 _ , -0.408248290463863
		value: 0.0 _ , 0.9238795325112867 _ , -0.3826834323650898.
	aBlock
		value: -0.7071067811865475 _ , 0.7071067811865475 _ , 0.0
		value: -0.3826834323650898 _ , 0.9238795325112867 _ , 0.0
		value: -0.408248290463863 _ , 0.816496580927726 _ , -0.408248290463863.
	aBlock
		value: 0.0 _ , 0.9238795325112867 _ , -0.3826834323650898
		value: -0.408248290463863 _ , 0.816496580927726 _ , -0.408248290463863
		value: -0.3826834323650898 _ , 0.9238795325112867 _ , 0.0.
	aBlock
		value: 0.0 _ , 0.0 _ , -1.0
		value: -0.3826834323650898 _ , 0.0 _ , -0.9238795325112867
		value: 0.0 _ , 0.3826834323650898 _ , -0.9238795325112867.
	aBlock
		value: -0.7071067811865475 _ , 0.0 _ , -0.7071067811865475
		value: -0.408248290463863 _ , 0.408248290463863 _ , -0.816496580927726
		value: -0.3826834323650898 _ , 0.0 _ , -0.9238795325112867.
	aBlock
		value: 0.0 _ , 0.7071067811865475 _ , -0.7071067811865475
		value: 0.0 _ , 0.3826834323650898 _ , -0.9238795325112867
		value: -0.408248290463863 _ , 0.408248290463863 _ , -0.816496580927726.
	aBlock
		value: -0.3826834323650898 _ , 0.0 _ , -0.9238795325112867
		value: -0.408248290463863 _ , 0.408248290463863 _ , -0.816496580927726
		value: 0.0 _ , 0.3826834323650898 _ , -0.9238795325112867.
	aBlock
		value: -0.7071067811865475 _ , 0.7071067811865475 _ , 0.0
		value: -0.408248290463863 _ , 0.816496580927726 _ , -0.408248290463863
		value: -0.816496580927726 _ , 0.408248290463863 _ , -0.408248290463863.
	aBlock
		value: 0.0 _ , 0.7071067811865475 _ , -0.7071067811865475
		value: -0.408248290463863 _ , 0.408248290463863 _ , -0.816496580927726
		value: -0.408248290463863 _ , 0.816496580927726 _ , -0.408248290463863.
	aBlock
		value: -0.7071067811865475 _ , 0.0 _ , -0.7071067811865475
		value: -0.816496580927726 _ , 0.408248290463863 _ , -0.408248290463863
		value: -0.408248290463863 _ , 0.408248290463863 _ , -0.816496580927726.
	aBlock
		value: -0.408248290463863 _ , 0.816496580927726 _ , -0.408248290463863
		value: -0.408248290463863 _ , 0.408248290463863 _ , -0.816496580927726
		value: -0.816496580927726 _ , 0.408248290463863 _ , -0.408248290463863.
	aBlock
		value: 0.0 _ , 1.0 _ , 0.0
		value: 0.3826834323650898 _ , 0.9238795325112867 _ , 0.0
		value: 0.0 _ , 0.9238795325112867 _ , -0.3826834323650898.
	aBlock
		value: 0.7071067811865475 _ , 0.7071067811865475 _ , 0.0
		value: 0.408248290463863 _ , 0.816496580927726 _ , -0.408248290463863
		value: 0.3826834323650898 _ , 0.9238795325112867 _ , 0.0.
	aBlock
		value: 0.0 _ , 0.7071067811865475 _ , -0.7071067811865475
		value: 0.0 _ , 0.9238795325112867 _ , -0.3826834323650898
		value: 0.408248290463863 _ , 0.816496580927726 _ , -0.408248290463863.
	aBlock
		value: 0.3826834323650898 _ , 0.9238795325112867 _ , 0.0
		value: 0.408248290463863 _ , 0.816496580927726 _ , -0.408248290463863
		value: 0.0 _ , 0.9238795325112867 _ , -0.3826834323650898.
	aBlock
		value: 1.0 _ , 0.0 _ , 0.0
		value: 0.9238795325112867 _ , 0.0 _ , -0.3826834323650898
		value: 0.9238795325112867 _ , 0.3826834323650898 _ , 0.0.
	aBlock
		value: 0.7071067811865475 _ , 0.0 _ , -0.7071067811865475
		value: 0.816496580927726 _ , 0.408248290463863 _ , -0.408248290463863
		value: 0.9238795325112867 _ , 0.0 _ , -0.3826834323650898.
	aBlock
		value: 0.7071067811865475 _ , 0.7071067811865475 _ , 0.0
		value: 0.9238795325112867 _ , 0.3826834323650898 _ , 0.0
		value: 0.816496580927726 _ , 0.408248290463863 _ , -0.408248290463863.
	aBlock
		value: 0.9238795325112867 _ , 0.0 _ , -0.3826834323650898
		value: 0.816496580927726 _ , 0.408248290463863 _ , -0.408248290463863
		value: 0.9238795325112867 _ , 0.3826834323650898 _ , 0.0.
	aBlock
		value: 0.0 _ , 0.0 _ , -1.0
		value: 0.0 _ , 0.3826834323650898 _ , -0.9238795325112867
		value: 0.3826834323650898 _ , 0.0 _ , -0.9238795325112867.
	aBlock
		value: 0.0 _ , 0.7071067811865475 _ , -0.7071067811865475
		value: 0.408248290463863 _ , 0.408248290463863 _ , -0.816496580927726
		value: 0.0 _ , 0.3826834323650898 _ , -0.9238795325112867.
	aBlock
		value: 0.7071067811865475 _ , 0.0 _ , -0.7071067811865475
		value: 0.3826834323650898 _ , 0.0 _ , -0.9238795325112867
		value: 0.408248290463863 _ , 0.408248290463863 _ , -0.816496580927726.
	aBlock
		value: 0.0 _ , 0.3826834323650898 _ , -0.9238795325112867
		value: 0.408248290463863 _ , 0.408248290463863 _ , -0.816496580927726
		value: 0.3826834323650898 _ , 0.0 _ , -0.9238795325112867.
	aBlock
		value: 0.7071067811865475 _ , 0.7071067811865475 _ , 0.0
		value: 0.816496580927726 _ , 0.408248290463863 _ , -0.408248290463863
		value: 0.408248290463863 _ , 0.816496580927726 _ , -0.408248290463863.
	aBlock
		value: 0.7071067811865475 _ , 0.0 _ , -0.7071067811865475
		value: 0.408248290463863 _ , 0.408248290463863 _ , -0.816496580927726
		value: 0.816496580927726 _ , 0.408248290463863 _ , -0.408248290463863.
	aBlock
		value: 0.0 _ , 0.7071067811865475 _ , -0.7071067811865475
		value: 0.408248290463863 _ , 0.816496580927726 _ , -0.408248290463863
		value: 0.408248290463863 _ , 0.408248290463863 _ , -0.816496580927726.
	aBlock
		value: 0.816496580927726 _ , 0.408248290463863 _ , -0.408248290463863
		value: 0.408248290463863 _ , 0.408248290463863 _ , -0.816496580927726
		value: 0.408248290463863 _ , 0.816496580927726 _ , -0.408248290463863
]

{ #category : #private }
JunAtom >> triangles32Do: aBlock [
	aBlock
		value: 0.7071067811865475 _ , 0.0 _ , 0.7071067811865475
		value: 1.0 _ , 0.0 _ , 0.0
		value: 0.7071067811865475 _ , 0.7071067811865475 _ , 0.0.
	aBlock
		value: 0.7071067811865475 _ , 0.7071067811865475 _ , 0.0
		value: 0.0 _ , 1.0 _ , 0.0
		value: 0.0 _ , 0.7071067811865475 _ , 0.7071067811865475.
	aBlock
		value: 0.0 _ , 0.7071067811865475 _ , 0.7071067811865475
		value: 0.0 _ , 0.0 _ , 1.0
		value: 0.7071067811865475 _ , 0.0 _ , 0.7071067811865475.
	aBlock
		value: 0.7071067811865475 _ , 0.7071067811865475 _ , 0.0
		value: 0.0 _ , 0.7071067811865475 _ , 0.7071067811865475
		value: 0.7071067811865475 _ , 0.0 _ , 0.7071067811865475.
	aBlock
		value: 0.0 _ , 0.7071067811865475 _ , 0.7071067811865475
		value: 0.0 _ , 1.0 _ , 0.0
		value: -0.7071067811865475 _ , 0.7071067811865475 _ , 0.0.
	aBlock
		value: -0.7071067811865475 _ , 0.7071067811865475 _ , 0.0
		value: -1.0 _ , 0.0 _ , 0.0
		value: -0.7071067811865475 _ , 0.0 _ , 0.7071067811865475.
	aBlock
		value: -0.7071067811865475 _ , 0.0 _ , 0.7071067811865475
		value: 0.0 _ , 0.0 _ , 1.0
		value: 0.0 _ , 0.7071067811865475 _ , 0.7071067811865475.
	aBlock
		value: -0.7071067811865475 _ , 0.7071067811865475 _ , 0.0
		value: -0.7071067811865475 _ , 0.0 _ , 0.7071067811865475
		value: 0.0 _ , 0.7071067811865475 _ , 0.7071067811865475.
	aBlock
		value: -0.7071067811865475 _ , 0.0 _ , 0.7071067811865475
		value: -1.0 _ , 0.0 _ , 0.0
		value: -0.7071067811865475 _ , -0.7071067811865475 _ , 0.0.
	aBlock
		value: -0.7071067811865475 _ , -0.7071067811865475 _ , 0.0
		value: 0.0 _ , -1.0 _ , 0.0
		value: 0.0 _ , -0.7071067811865475 _ , 0.7071067811865475.
	aBlock
		value: 0.0 _ , -0.7071067811865475 _ , 0.7071067811865475
		value: 0.0 _ , 0.0 _ , 1.0
		value: -0.7071067811865475 _ , 0.0 _ , 0.7071067811865475.
	aBlock
		value: -0.7071067811865475 _ , -0.7071067811865475 _ , 0.0
		value: 0.0 _ , -0.7071067811865475 _ , 0.7071067811865475
		value: -0.7071067811865475 _ , 0.0 _ , 0.7071067811865475.
	aBlock
		value: 0.0 _ , -0.7071067811865475 _ , 0.7071067811865475
		value: 0.0 _ , -1.0 _ , 0.0
		value: 0.7071067811865475 _ , -0.7071067811865475 _ , 0.0.
	aBlock
		value: 0.7071067811865475 _ , -0.7071067811865475 _ , 0.0
		value: 1.0 _ , 0.0 _ , 0.0
		value: 0.7071067811865475 _ , 0.0 _ , 0.7071067811865475.
	aBlock
		value: 0.7071067811865475 _ , 0.0 _ , 0.7071067811865475
		value: 0.0 _ , 0.0 _ , 1.0
		value: 0.0 _ , -0.7071067811865475 _ , 0.7071067811865475.
	aBlock
		value: 0.7071067811865475 _ , -0.7071067811865475 _ , 0.0
		value: 0.7071067811865475 _ , 0.0 _ , 0.7071067811865475
		value: 0.0 _ , -0.7071067811865475 _ , 0.7071067811865475.
	aBlock
		value: 0.7071067811865475 _ , 0.0 _ , -0.7071067811865475
		value: 1.0 _ , 0.0 _ , 0.0
		value: 0.7071067811865475 _ , -0.7071067811865475 _ , 0.0.
	aBlock
		value: 0.7071067811865475 _ , -0.7071067811865475 _ , 0.0
		value: 0.0 _ , -1.0 _ , 0.0
		value: 0.0 _ , -0.7071067811865475 _ , -0.7071067811865475.
	aBlock
		value: 0.0 _ , -0.7071067811865475 _ , -0.7071067811865475
		value: 0.0 _ , 0.0 _ , -1.0
		value: 0.7071067811865475 _ , 0.0 _ , -0.7071067811865475.
	aBlock
		value: 0.7071067811865475 _ , -0.7071067811865475 _ , 0.0
		value: 0.0 _ , -0.7071067811865475 _ , -0.7071067811865475
		value: 0.7071067811865475 _ , 0.0 _ , -0.7071067811865475.
	aBlock
		value: 0.0 _ , -0.7071067811865475 _ , -0.7071067811865475
		value: 0.0 _ , -1.0 _ , 0.0
		value: -0.7071067811865475 _ , -0.7071067811865475 _ , 0.0.
	aBlock
		value: -0.7071067811865475 _ , -0.7071067811865475 _ , 0.0
		value: -1.0 _ , 0.0 _ , 0.0
		value: -0.7071067811865475 _ , 0.0 _ , -0.7071067811865475.
	aBlock
		value: -0.7071067811865475 _ , 0.0 _ , -0.7071067811865475
		value: 0.0 _ , 0.0 _ , -1.0
		value: 0.0 _ , -0.7071067811865475 _ , -0.7071067811865475.
	aBlock
		value: -0.7071067811865475 _ , -0.7071067811865475 _ , 0.0
		value: -0.7071067811865475 _ , 0.0 _ , -0.7071067811865475
		value: 0.0 _ , -0.7071067811865475 _ , -0.7071067811865475.
	aBlock
		value: -0.7071067811865475 _ , 0.0 _ , -0.7071067811865475
		value: -1.0 _ , 0.0 _ , 0.0
		value: -0.7071067811865475 _ , 0.7071067811865475 _ , 0.0.
	aBlock
		value: -0.7071067811865475 _ , 0.7071067811865475 _ , 0.0
		value: 0.0 _ , 1.0 _ , 0.0
		value: 0.0 _ , 0.7071067811865475 _ , -0.7071067811865475.
	aBlock
		value: 0.0 _ , 0.7071067811865475 _ , -0.7071067811865475
		value: 0.0 _ , 0.0 _ , -1.0
		value: -0.7071067811865475 _ , 0.0 _ , -0.7071067811865475.
	aBlock
		value: -0.7071067811865475 _ , 0.7071067811865475 _ , 0.0
		value: 0.0 _ , 0.7071067811865475 _ , -0.7071067811865475
		value: -0.7071067811865475 _ , 0.0 _ , -0.7071067811865475.
	aBlock
		value: 0.0 _ , 0.7071067811865475 _ , -0.7071067811865475
		value: 0.0 _ , 1.0 _ , 0.0
		value: 0.7071067811865475 _ , 0.7071067811865475 _ , 0.0.
	aBlock
		value: 0.7071067811865475 _ , 0.7071067811865475 _ , 0.0
		value: 1.0 _ , 0.0 _ , 0.0
		value: 0.7071067811865475 _ , 0.0 _ , -0.7071067811865475.
	aBlock
		value: 0.7071067811865475 _ , 0.0 _ , -0.7071067811865475
		value: 0.0 _ , 0.0 _ , -1.0
		value: 0.0 _ , 0.7071067811865475 _ , -0.7071067811865475.
	aBlock
		value: 0.7071067811865475 _ , 0.7071067811865475 _ , 0.0
		value: 0.7071067811865475 _ , 0.0 _ , -0.7071067811865475
		value: 0.0 _ , 0.7071067811865475 _ , -0.7071067811865475
]

