private
triangles512Do: aBlock
	aBlock
		value: 1.0 _ , 0.0 , 0.0
		value: 0.9807852804032304 _ , 0.19509032201612828 , 0.0
		value: 0.9807852804032304 _ , 0.0 , 0.19509032201612828.
	aBlock
		value: 0.9238795325112867 _ , 0.3826834323650898 , 0.0
		value: 0.9596829822606674 _ , 0.19875685341551344 , 0.19875685341551344
		value: 0.9807852804032304 _ , 0.19509032201612828 , 0.0.
	aBlock
		value: 0.9238795325112867 _ , 0.0 , 0.3826834323650898
		value: 0.9807852804032304 _ , 0.0 , 0.19509032201612828
		value: 0.9596829822606674 _ , 0.19875685341551344 , 0.19875685341551344.
	aBlock
		value: 0.9807852804032304 _ , 0.19509032201612828 , 0.0
		value: 0.9596829822606674 _ , 0.19875685341551344 , 0.19875685341551344
		value: 0.9807852804032304 _ , 0.0 , 0.19509032201612828.
	aBlock
		value: 0.7071067811865475 _ , 0.7071067811865475 , 0.0
		value: 0.7886751345948128 _ , 0.5773502691896257 , 0.2113248654051871
		value: 0.8314696123025452 _ , 0.5555702330196023 , 0.0.
	aBlock
		value: 0.816496580927726 _ , 0.408248290463863 , 0.408248290463863
		value: 0.890320034496634 _ , 0.404615044596354 , 0.20884659887152338
		value: 0.7886751345948128 _ , 0.5773502691896257 , 0.2113248654051871.
	aBlock
		value: 0.9238795325112867 _ , 0.3826834323650898 , 0.0
		value: 0.8314696123025452 _ , 0.5555702330196023 , 0.0
		value: 0.890320034496634 _ , 0.404615044596354 , 0.20884659887152338.
	aBlock
		value: 0.7886751345948128 _ , 0.5773502691896257 , 0.2113248654051871
		value: 0.890320034496634 _ , 0.404615044596354 , 0.20884659887152338
		value: 0.8314696123025452 _ , 0.5555702330196023 , 0.0.
	aBlock
		value: 0.7071067811865475 _ , 0.0 , 0.7071067811865475
		value: 0.8314696123025452 _ , 0.0 , 0.5555702330196023
		value: 0.788675134594813 _ , 0.21132486540518713 , 0.5773502691896258.
	aBlock
		value: 0.9238795325112867 _ , 0.0 , 0.3826834323650898
		value: 0.890320034496634 _ , 0.20884659887152338 , 0.404615044596354
		value: 0.8314696123025452 _ , 0.0 , 0.5555702330196023.
	aBlock
		value: 0.816496580927726 _ , 0.408248290463863 , 0.408248290463863
		value: 0.788675134594813 _ , 0.21132486540518713 , 0.5773502691896258
		value: 0.890320034496634 _ , 0.20884659887152338 , 0.404615044596354.
	aBlock
		value: 0.8314696123025452 _ , 0.0 , 0.5555702330196023
		value: 0.890320034496634 _ , 0.20884659887152338 , 0.404615044596354
		value: 0.788675134594813 _ , 0.21132486540518713 , 0.5773502691896258.
	aBlock
		value: 0.9238795325112867 _ , 0.3826834323650898 , 0.0
		value: 0.890320034496634 _ , 0.404615044596354 , 0.20884659887152338
		value: 0.9596829822606674 _ , 0.19875685341551344 , 0.19875685341551344.
	aBlock
		value: 0.816496580927726 _ , 0.408248290463863 , 0.408248290463863
		value: 0.890320034496634 _ , 0.20884659887152338 , 0.404615044596354
		value: 0.890320034496634 _ , 0.404615044596354 , 0.20884659887152338.
	aBlock
		value: 0.9238795325112867 _ , 0.0 , 0.3826834323650898
		value: 0.9596829822606674 _ , 0.19875685341551344 , 0.19875685341551344
		value: 0.890320034496634 _ , 0.20884659887152338 , 0.404615044596354.
	aBlock
		value: 0.890320034496634 _ , 0.404615044596354 , 0.20884659887152338
		value: 0.890320034496634 _ , 0.20884659887152338 , 0.404615044596354
		value: 0.9596829822606674 _ , 0.19875685341551344 , 0.19875685341551344.
	aBlock
		value: 0.0 _ , 1.0 , 0.0
		value: 0.0 _ , 0.9807852804032304 , 0.19509032201612828
		value: 0.19509032201612828 _ , 0.9807852804032304 , 0.0.
	aBlock
		value: 0.0 _ , 0.9238795325112867 , 0.3826834323650898
		value: 0.19875685341551344 _ , 0.9596829822606674 , 0.19875685341551344
		value: 0.0 _ , 0.9807852804032304 , 0.19509032201612828.
	aBlock
		value: 0.3826834323650898 _ , 0.9238795325112867 , 0.0
		value: 0.19509032201612828 _ , 0.9807852804032304 , 0.0
		value: 0.19875685341551344 _ , 0.9596829822606674 , 0.19875685341551344.
	aBlock
		value: 0.0 _ , 0.9807852804032304 , 0.19509032201612828
		value: 0.19875685341551344 _ , 0.9596829822606674 , 0.19875685341551344
		value: 0.19509032201612828 _ , 0.9807852804032304 , 0.0.
	aBlock
		value: 0.0 _ , 0.7071067811865475 , 0.7071067811865475
		value: 0.21132486540518713 _ , 0.788675134594813 , 0.5773502691896258
		value: 0.0 _ , 0.8314696123025452 , 0.5555702330196023.
	aBlock
		value: 0.408248290463863 _ , 0.816496580927726 , 0.408248290463863
		value: 0.20884659887152338 _ , 0.890320034496634 , 0.404615044596354
		value: 0.21132486540518713 _ , 0.788675134594813 , 0.5773502691896258.
	aBlock
		value: 0.0 _ , 0.9238795325112867 , 0.3826834323650898
		value: 0.0 _ , 0.8314696123025452 , 0.5555702330196023
		value: 0.20884659887152338 _ , 0.890320034496634 , 0.404615044596354.
	aBlock
		value: 0.21132486540518713 _ , 0.788675134594813 , 0.5773502691896258
		value: 0.20884659887152338 _ , 0.890320034496634 , 0.404615044596354
		value: 0.0 _ , 0.8314696123025452 , 0.5555702330196023.
	aBlock
		value: 0.7071067811865475 _ , 0.7071067811865475 , 0.0
		value: 0.5555702330196023 _ , 0.8314696123025452 , 0.0
		value: 0.5773502691896257 _ , 0.7886751345948128 , 0.2113248654051871.
	aBlock
		value: 0.3826834323650898 _ , 0.9238795325112867 , 0.0
		value: 0.404615044596354 _ , 0.890320034496634 , 0.20884659887152338
		value: 0.5555702330196023 _ , 0.8314696123025452 , 0.0.
	aBlock
		value: 0.408248290463863 _ , 0.816496580927726 , 0.408248290463863
		value: 0.5773502691896257 _ , 0.7886751345948128 , 0.2113248654051871
		value: 0.404615044596354 _ , 0.890320034496634 , 0.20884659887152338.
	aBlock
		value: 0.5555702330196023 _ , 0.8314696123025452 , 0.0
		value: 0.404615044596354 _ , 0.890320034496634 , 0.20884659887152338
		value: 0.5773502691896257 _ , 0.7886751345948128 , 0.2113248654051871.
	aBlock
		value: 0.0 _ , 0.9238795325112867 , 0.3826834323650898
		value: 0.20884659887152338 _ , 0.890320034496634 , 0.404615044596354
		value: 0.19875685341551344 _ , 0.9596829822606674 , 0.19875685341551344.
	aBlock
		value: 0.408248290463863 _ , 0.816496580927726 , 0.408248290463863
		value: 0.404615044596354 _ , 0.890320034496634 , 0.20884659887152338
		value: 0.20884659887152338 _ , 0.890320034496634 , 0.404615044596354.
	aBlock
		value: 0.3826834323650898 _ , 0.9238795325112867 , 0.0
		value: 0.19875685341551344 _ , 0.9596829822606674 , 0.19875685341551344
		value: 0.404615044596354 _ , 0.890320034496634 , 0.20884659887152338.
	aBlock
		value: 0.20884659887152338 _ , 0.890320034496634 , 0.404615044596354
		value: 0.404615044596354 _ , 0.890320034496634 , 0.20884659887152338
		value: 0.19875685341551344 _ , 0.9596829822606674 , 0.19875685341551344.
	aBlock
		value: 0.0 _ , 0.0 , 1.0
		value: 0.19509032201612828 _ , 0.0 , 0.9807852804032304
		value: 0.0 _ , 0.19509032201612828 , 0.9807852804032304.
	aBlock
		value: 0.3826834323650898 _ , 0.0 , 0.9238795325112867
		value: 0.19875685341551338 _ , 0.19875685341551338 , 0.9596829822606673
		value: 0.19509032201612828 _ , 0.0 , 0.9807852804032304.
	aBlock
		value: 0.0 _ , 0.3826834323650898 , 0.9238795325112867
		value: 0.0 _ , 0.19509032201612828 , 0.9807852804032304
		value: 0.19875685341551338 _ , 0.19875685341551338 , 0.9596829822606673.
	aBlock
		value: 0.19509032201612828 _ , 0.0 , 0.9807852804032304
		value: 0.19875685341551338 _ , 0.19875685341551338 , 0.9596829822606673
		value: 0.0 _ , 0.19509032201612828 , 0.9807852804032304.
	aBlock
		value: 0.7071067811865475 _ , 0.0 , 0.7071067811865475
		value: 0.5773502691896257 _ , 0.2113248654051871 , 0.7886751345948128
		value: 0.5555702330196023 _ , 0.0 , 0.8314696123025452.
	aBlock
		value: 0.408248290463863 _ , 0.408248290463863 , 0.816496580927726
		value: 0.404615044596354 _ , 0.20884659887152338 , 0.890320034496634
		value: 0.5773502691896257 _ , 0.2113248654051871 , 0.7886751345948128.
	aBlock
		value: 0.3826834323650898 _ , 0.0 , 0.9238795325112867
		value: 0.5555702330196023 _ , 0.0 , 0.8314696123025452
		value: 0.404615044596354 _ , 0.20884659887152338 , 0.890320034496634.
	aBlock
		value: 0.5773502691896257 _ , 0.2113248654051871 , 0.7886751345948128
		value: 0.404615044596354 _ , 0.20884659887152338 , 0.890320034496634
		value: 0.5555702330196023 _ , 0.0 , 0.8314696123025452.
	aBlock
		value: 0.0 _ , 0.7071067811865475 , 0.7071067811865475
		value: 0.0 _ , 0.5555702330196023 , 0.8314696123025452
		value: 0.2113248654051871 _ , 0.5773502691896257 , 0.7886751345948128.
	aBlock
		value: 0.0 _ , 0.3826834323650898 , 0.9238795325112867
		value: 0.20884659887152338 _ , 0.404615044596354 , 0.890320034496634
		value: 0.0 _ , 0.5555702330196023 , 0.8314696123025452.
	aBlock
		value: 0.408248290463863 _ , 0.408248290463863 , 0.816496580927726
		value: 0.2113248654051871 _ , 0.5773502691896257 , 0.7886751345948128
		value: 0.20884659887152338 _ , 0.404615044596354 , 0.890320034496634.
	aBlock
		value: 0.0 _ , 0.5555702330196023 , 0.8314696123025452
		value: 0.20884659887152338 _ , 0.404615044596354 , 0.890320034496634
		value: 0.2113248654051871 _ , 0.5773502691896257 , 0.7886751345948128.
	aBlock
		value: 0.3826834323650898 _ , 0.0 , 0.9238795325112867
		value: 0.404615044596354 _ , 0.20884659887152338 , 0.890320034496634
		value: 0.19875685341551338 _ , 0.19875685341551338 , 0.9596829822606673.
	aBlock
		value: 0.408248290463863 _ , 0.408248290463863 , 0.816496580927726
		value: 0.20884659887152338 _ , 0.404615044596354 , 0.890320034496634
		value: 0.404615044596354 _ , 0.20884659887152338 , 0.890320034496634.
	aBlock
		value: 0.0 _ , 0.3826834323650898 , 0.9238795325112867
		value: 0.19875685341551338 _ , 0.19875685341551338 , 0.9596829822606673
		value: 0.20884659887152338 _ , 0.404615044596354 , 0.890320034496634.
	aBlock
		value: 0.404615044596354 _ , 0.20884659887152338 , 0.890320034496634
		value: 0.20884659887152338 _ , 0.404615044596354 , 0.890320034496634
		value: 0.19875685341551338 _ , 0.19875685341551338 , 0.9596829822606673.
	aBlock
		value: 0.7071067811865475 _ , 0.7071067811865475 , 0.0
		value: 0.5773502691896257 _ , 0.7886751345948128 , 0.2113248654051871
		value: 0.7886751345948128 _ , 0.5773502691896257 , 0.2113248654051871.
	aBlock
		value: 0.408248290463863 _ , 0.816496580927726 , 0.408248290463863
		value: 0.6396021490668313 _ , 0.6396021490668313 , 0.42640143271122094
		value: 0.5773502691896257 _ , 0.7886751345948128 , 0.2113248654051871.
	aBlock
		value: 0.816496580927726 _ , 0.408248290463863 , 0.408248290463863
		value: 0.7886751345948128 _ , 0.5773502691896257 , 0.2113248654051871
		value: 0.6396021490668313 _ , 0.6396021490668313 , 0.42640143271122094.
	aBlock
		value: 0.5773502691896257 _ , 0.7886751345948128 , 0.2113248654051871
		value: 0.6396021490668313 _ , 0.6396021490668313 , 0.42640143271122094
		value: 0.7886751345948128 _ , 0.5773502691896257 , 0.2113248654051871.
	aBlock
		value: 0.0 _ , 0.7071067811865475 , 0.7071067811865475
		value: 0.2113248654051871 _ , 0.5773502691896257 , 0.7886751345948128
		value: 0.21132486540518713 _ , 0.788675134594813 , 0.5773502691896258.
	aBlock
		value: 0.408248290463863 _ , 0.408248290463863 , 0.816496580927726
		value: 0.42640143271122094 _ , 0.6396021490668313 , 0.6396021490668313
		value: 0.2113248654051871 _ , 0.5773502691896257 , 0.7886751345948128.
	aBlock
		value: 0.408248290463863 _ , 0.816496580927726 , 0.408248290463863
		value: 0.21132486540518713 _ , 0.788675134594813 , 0.5773502691896258
		value: 0.42640143271122094 _ , 0.6396021490668313 , 0.6396021490668313.
	aBlock
		value: 0.2113248654051871 _ , 0.5773502691896257 , 0.7886751345948128
		value: 0.42640143271122094 _ , 0.6396021490668313 , 0.6396021490668313
		value: 0.21132486540518713 _ , 0.788675134594813 , 0.5773502691896258.
	aBlock
		value: 0.7071067811865475 _ , 0.0 , 0.7071067811865475
		value: 0.788675134594813 _ , 0.21132486540518713 , 0.5773502691896258
		value: 0.5773502691896257 _ , 0.2113248654051871 , 0.7886751345948128.
	aBlock
		value: 0.816496580927726 _ , 0.408248290463863 , 0.408248290463863
		value: 0.6396021490668313 _ , 0.42640143271122094 , 0.6396021490668313
		value: 0.788675134594813 _ , 0.21132486540518713 , 0.5773502691896258.
	aBlock
		value: 0.408248290463863 _ , 0.408248290463863 , 0.816496580927726
		value: 0.5773502691896257 _ , 0.2113248654051871 , 0.7886751345948128
		value: 0.6396021490668313 _ , 0.42640143271122094 , 0.6396021490668313.
	aBlock
		value: 0.788675134594813 _ , 0.21132486540518713 , 0.5773502691896258
		value: 0.6396021490668313 _ , 0.42640143271122094 , 0.6396021490668313
		value: 0.5773502691896257 _ , 0.2113248654051871 , 0.7886751345948128.
	aBlock
		value: 0.408248290463863 _ , 0.816496580927726 , 0.408248290463863
		value: 0.42640143271122094 _ , 0.6396021490668313 , 0.6396021490668313
		value: 0.6396021490668313 _ , 0.6396021490668313 , 0.42640143271122094.
	aBlock
		value: 0.408248290463863 _ , 0.408248290463863 , 0.816496580927726
		value: 0.6396021490668313 _ , 0.42640143271122094 , 0.6396021490668313
		value: 0.42640143271122094 _ , 0.6396021490668313 , 0.6396021490668313.
	aBlock
		value: 0.816496580927726 _ , 0.408248290463863 , 0.408248290463863
		value: 0.6396021490668313 _ , 0.6396021490668313 , 0.42640143271122094
		value: 0.6396021490668313 _ , 0.42640143271122094 , 0.6396021490668313.
	aBlock
		value: 0.42640143271122094 _ , 0.6396021490668313 , 0.6396021490668313
		value: 0.6396021490668313 _ , 0.42640143271122094 , 0.6396021490668313
		value: 0.6396021490668313 _ , 0.6396021490668313 , 0.42640143271122094.
	aBlock
		value: 0.0 _ , 1.0 , 0.0
		value: -0.19509032201612828 _ , 0.9807852804032304 , 0.0
		value: 0.0 _ , 0.9807852804032304 , 0.19509032201612828.
	aBlock
		value: -0.3826834323650898 _ , 0.9238795325112867 , 0.0
		value: -0.19875685341551344 _ , 0.9596829822606674 , 0.19875685341551344
		value: -0.19509032201612828 _ , 0.9807852804032304 , 0.0.
	aBlock
		value: 0.0 _ , 0.9238795325112867 , 0.3826834323650898
		value: 0.0 _ , 0.9807852804032304 , 0.19509032201612828
		value: -0.19875685341551344 _ , 0.9596829822606674 , 0.19875685341551344.
	aBlock
		value: -0.19509032201612828 _ , 0.9807852804032304 , 0.0
		value: -0.19875685341551344 _ , 0.9596829822606674 , 0.19875685341551344
		value: 0.0 _ , 0.9807852804032304 , 0.19509032201612828.
	aBlock
		value: -0.7071067811865475 _ , 0.7071067811865475 , 0.0
		value: -0.5773502691896257 _ , 0.7886751345948128 , 0.2113248654051871
		value: -0.5555702330196023 _ , 0.8314696123025452 , 0.0.
	aBlock
		value: -0.408248290463863 _ , 0.816496580927726 , 0.408248290463863
		value: -0.404615044596354 _ , 0.890320034496634 , 0.20884659887152338
		value: -0.5773502691896257 _ , 0.7886751345948128 , 0.2113248654051871.
	aBlock
		value: -0.3826834323650898 _ , 0.9238795325112867 , 0.0
		value: -0.5555702330196023 _ , 0.8314696123025452 , 0.0
		value: -0.404615044596354 _ , 0.890320034496634 , 0.20884659887152338.
	aBlock
		value: -0.5773502691896257 _ , 0.7886751345948128 , 0.2113248654051871
		value: -0.404615044596354 _ , 0.890320034496634 , 0.20884659887152338
		value: -0.5555702330196023 _ , 0.8314696123025452 , 0.0.
	aBlock
		value: 0.0 _ , 0.7071067811865475 , 0.7071067811865475
		value: 0.0 _ , 0.8314696123025452 , 0.5555702330196023
		value: -0.21132486540518713 _ , 0.788675134594813 , 0.5773502691896258.
	aBlock
		value: 0.0 _ , 0.9238795325112867 , 0.3826834323650898
		value: -0.20884659887152338 _ , 0.890320034496634 , 0.404615044596354
		value: 0.0 _ , 0.8314696123025452 , 0.5555702330196023.
	aBlock
		value: -0.408248290463863 _ , 0.816496580927726 , 0.408248290463863
		value: -0.21132486540518713 _ , 0.788675134594813 , 0.5773502691896258
		value: -0.20884659887152338 _ , 0.890320034496634 , 0.404615044596354.
	aBlock
		value: 0.0 _ , 0.8314696123025452 , 0.5555702330196023
		value: -0.20884659887152338 _ , 0.890320034496634 , 0.404615044596354
		value: -0.21132486540518713 _ , 0.788675134594813 , 0.5773502691896258.
	aBlock
		value: -0.3826834323650898 _ , 0.9238795325112867 , 0.0
		value: -0.404615044596354 _ , 0.890320034496634 , 0.20884659887152338
		value: -0.19875685341551344 _ , 0.9596829822606674 , 0.19875685341551344.
	aBlock
		value: -0.408248290463863 _ , 0.816496580927726 , 0.408248290463863
		value: -0.20884659887152338 _ , 0.890320034496634 , 0.404615044596354
		value: -0.404615044596354 _ , 0.890320034496634 , 0.20884659887152338.
	aBlock
		value: 0.0 _ , 0.9238795325112867 , 0.3826834323650898
		value: -0.19875685341551344 _ , 0.9596829822606674 , 0.19875685341551344
		value: -0.20884659887152338 _ , 0.890320034496634 , 0.404615044596354.
	aBlock
		value: -0.404615044596354 _ , 0.890320034496634 , 0.20884659887152338
		value: -0.20884659887152338 _ , 0.890320034496634 , 0.404615044596354
		value: -0.19875685341551344 _ , 0.9596829822606674 , 0.19875685341551344.
	aBlock
		value: -1.0 _ , 0.0 , 0.0
		value: -0.9807852804032304 _ , 0.0 , 0.19509032201612828
		value: -0.9807852804032304 _ , 0.19509032201612828 , 0.0.
	aBlock
		value: -0.9238795325112867 _ , 0.0 , 0.3826834323650898
		value: -0.9596829822606674 _ , 0.19875685341551344 , 0.19875685341551344
		value: -0.9807852804032304 _ , 0.0 , 0.19509032201612828.
	aBlock
		value: -0.9238795325112867 _ , 0.3826834323650898 , 0.0
		value: -0.9807852804032304 _ , 0.19509032201612828 , 0.0
		value: -0.9596829822606674 _ , 0.19875685341551344 , 0.19875685341551344.
	aBlock
		value: -0.9807852804032304 _ , 0.0 , 0.19509032201612828
		value: -0.9596829822606674 _ , 0.19875685341551344 , 0.19875685341551344
		value: -0.9807852804032304 _ , 0.19509032201612828 , 0.0.
	aBlock
		value: -0.7071067811865475 _ , 0.0 , 0.7071067811865475
		value: -0.788675134594813 _ , 0.21132486540518713 , 0.5773502691896258
		value: -0.8314696123025452 _ , 0.0 , 0.5555702330196023.
	aBlock
		value: -0.816496580927726 _ , 0.408248290463863 , 0.408248290463863
		value: -0.890320034496634 _ , 0.20884659887152338 , 0.404615044596354
		value: -0.788675134594813 _ , 0.21132486540518713 , 0.5773502691896258.
	aBlock
		value: -0.9238795325112867 _ , 0.0 , 0.3826834323650898
		value: -0.8314696123025452 _ , 0.0 , 0.5555702330196023
		value: -0.890320034496634 _ , 0.20884659887152338 , 0.404615044596354.
	aBlock
		value: -0.788675134594813 _ , 0.21132486540518713 , 0.5773502691896258
		value: -0.890320034496634 _ , 0.20884659887152338 , 0.404615044596354
		value: -0.8314696123025452 _ , 0.0 , 0.5555702330196023.
	aBlock
		value: -0.7071067811865475 _ , 0.7071067811865475 , 0.0
		value: -0.8314696123025452 _ , 0.5555702330196023 , 0.0
		value: -0.7886751345948128 _ , 0.5773502691896257 , 0.2113248654051871.
	aBlock
		value: -0.9238795325112867 _ , 0.3826834323650898 , 0.0
		value: -0.890320034496634 _ , 0.404615044596354 , 0.20884659887152338
		value: -0.8314696123025452 _ , 0.5555702330196023 , 0.0.
	aBlock
		value: -0.816496580927726 _ , 0.408248290463863 , 0.408248290463863
		value: -0.7886751345948128 _ , 0.5773502691896257 , 0.2113248654051871
		value: -0.890320034496634 _ , 0.404615044596354 , 0.20884659887152338.
	aBlock
		value: -0.8314696123025452 _ , 0.5555702330196023 , 0.0
		value: -0.890320034496634 _ , 0.404615044596354 , 0.20884659887152338
		value: -0.7886751345948128 _ , 0.5773502691896257 , 0.2113248654051871.
	aBlock
		value: -0.9238795325112867 _ , 0.0 , 0.3826834323650898
		value: -0.890320034496634 _ , 0.20884659887152338 , 0.404615044596354
		value: -0.9596829822606674 _ , 0.19875685341551344 , 0.19875685341551344.
	aBlock
		value: -0.816496580927726 _ , 0.408248290463863 , 0.408248290463863
		value: -0.890320034496634 _ , 0.404615044596354 , 0.20884659887152338
		value: -0.890320034496634 _ , 0.20884659887152338 , 0.404615044596354.
	aBlock
		value: -0.9238795325112867 _ , 0.3826834323650898 , 0.0
		value: -0.9596829822606674 _ , 0.19875685341551344 , 0.19875685341551344
		value: -0.890320034496634 _ , 0.404615044596354 , 0.20884659887152338.
	aBlock
		value: -0.890320034496634 _ , 0.20884659887152338 , 0.404615044596354
		value: -0.890320034496634 _ , 0.404615044596354 , 0.20884659887152338
		value: -0.9596829822606674 _ , 0.19875685341551344 , 0.19875685341551344.
	aBlock
		value: 0.0 _ , 0.0 , 1.0
		value: 0.0 _ , 0.19509032201612828 , 0.9807852804032304
		value: -0.19509032201612828 _ , 0.0 , 0.9807852804032304.
	aBlock
		value: 0.0 _ , 0.3826834323650898 , 0.9238795325112867
		value: -0.19875685341551338 _ , 0.19875685341551338 , 0.9596829822606673
		value: 0.0 _ , 0.19509032201612828 , 0.9807852804032304.
	aBlock
		value: -0.3826834323650898 _ , 0.0 , 0.9238795325112867
		value: -0.19509032201612828 _ , 0.0 , 0.9807852804032304
		value: -0.19875685341551338 _ , 0.19875685341551338 , 0.9596829822606673.
	aBlock
		value: 0.0 _ , 0.19509032201612828 , 0.9807852804032304
		value: -0.19875685341551338 _ , 0.19875685341551338 , 0.9596829822606673
		value: -0.19509032201612828 _ , 0.0 , 0.9807852804032304.
	aBlock
		value: 0.0 _ , 0.7071067811865475 , 0.7071067811865475
		value: -0.2113248654051871 _ , 0.5773502691896257 , 0.7886751345948128
		value: 0.0 _ , 0.5555702330196023 , 0.8314696123025452.
	aBlock
		value: -0.408248290463863 _ , 0.408248290463863 , 0.816496580927726
		value: -0.20884659887152338 _ , 0.404615044596354 , 0.890320034496634
		value: -0.2113248654051871 _ , 0.5773502691896257 , 0.7886751345948128.
	aBlock
		value: 0.0 _ , 0.3826834323650898 , 0.9238795325112867
		value: 0.0 _ , 0.5555702330196023 , 0.8314696123025452
		value: -0.20884659887152338 _ , 0.404615044596354 , 0.890320034496634.
	aBlock
		value: -0.2113248654051871 _ , 0.5773502691896257 , 0.7886751345948128
		value: -0.20884659887152338 _ , 0.404615044596354 , 0.890320034496634
		value: 0.0 _ , 0.5555702330196023 , 0.8314696123025452.
	aBlock
		value: -0.7071067811865475 _ , 0.0 , 0.7071067811865475
		value: -0.5555702330196023 _ , 0.0 , 0.8314696123025452
		value: -0.5773502691896257 _ , 0.2113248654051871 , 0.7886751345948128.
	aBlock
		value: -0.3826834323650898 _ , 0.0 , 0.9238795325112867
		value: -0.404615044596354 _ , 0.20884659887152338 , 0.890320034496634
		value: -0.5555702330196023 _ , 0.0 , 0.8314696123025452.
	aBlock
		value: -0.408248290463863 _ , 0.408248290463863 , 0.816496580927726
		value: -0.5773502691896257 _ , 0.2113248654051871 , 0.7886751345948128
		value: -0.404615044596354 _ , 0.20884659887152338 , 0.890320034496634.
	aBlock
		value: -0.5555702330196023 _ , 0.0 , 0.8314696123025452
		value: -0.404615044596354 _ , 0.20884659887152338 , 0.890320034496634
		value: -0.5773502691896257 _ , 0.2113248654051871 , 0.7886751345948128.
	aBlock
		value: 0.0 _ , 0.3826834323650898 , 0.9238795325112867
		value: -0.20884659887152338 _ , 0.404615044596354 , 0.890320034496634
		value: -0.19875685341551338 _ , 0.19875685341551338 , 0.9596829822606673.
	aBlock
		value: -0.408248290463863 _ , 0.408248290463863 , 0.816496580927726
		value: -0.404615044596354 _ , 0.20884659887152338 , 0.890320034496634
		value: -0.20884659887152338 _ , 0.404615044596354 , 0.890320034496634.
	aBlock
		value: -0.3826834323650898 _ , 0.0 , 0.9238795325112867
		value: -0.19875685341551338 _ , 0.19875685341551338 , 0.9596829822606673
		value: -0.404615044596354 _ , 0.20884659887152338 , 0.890320034496634.
	aBlock
		value: -0.20884659887152338 _ , 0.404615044596354 , 0.890320034496634
		value: -0.404615044596354 _ , 0.20884659887152338 , 0.890320034496634
		value: -0.19875685341551338 _ , 0.19875685341551338 , 0.9596829822606673.
	aBlock
		value: -0.7071067811865475 _ , 0.7071067811865475 , 0.0
		value: -0.7886751345948128 _ , 0.5773502691896257 , 0.2113248654051871
		value: -0.5773502691896257 _ , 0.7886751345948128 , 0.2113248654051871.
	aBlock
		value: -0.816496580927726 _ , 0.408248290463863 , 0.408248290463863
		value: -0.6396021490668313 _ , 0.6396021490668313 , 0.42640143271122094
		value: -0.7886751345948128 _ , 0.5773502691896257 , 0.2113248654051871.
	aBlock
		value: -0.408248290463863 _ , 0.816496580927726 , 0.408248290463863
		value: -0.5773502691896257 _ , 0.7886751345948128 , 0.2113248654051871
		value: -0.6396021490668313 _ , 0.6396021490668313 , 0.42640143271122094.
	aBlock
		value: -0.7886751345948128 _ , 0.5773502691896257 , 0.2113248654051871
		value: -0.6396021490668313 _ , 0.6396021490668313 , 0.42640143271122094
		value: -0.5773502691896257 _ , 0.7886751345948128 , 0.2113248654051871.
	aBlock
		value: -0.7071067811865475 _ , 0.0 , 0.7071067811865475
		value: -0.5773502691896257 _ , 0.2113248654051871 , 0.7886751345948128
		value: -0.788675134594813 _ , 0.21132486540518713 , 0.5773502691896258.
	aBlock
		value: -0.408248290463863 _ , 0.408248290463863 , 0.816496580927726
		value: -0.6396021490668313 _ , 0.42640143271122094 , 0.6396021490668313
		value: -0.5773502691896257 _ , 0.2113248654051871 , 0.7886751345948128.
	aBlock
		value: -0.816496580927726 _ , 0.408248290463863 , 0.408248290463863
		value: -0.788675134594813 _ , 0.21132486540518713 , 0.5773502691896258
		value: -0.6396021490668313 _ , 0.42640143271122094 , 0.6396021490668313.
	aBlock
		value: -0.5773502691896257 _ , 0.2113248654051871 , 0.7886751345948128
		value: -0.6396021490668313 _ , 0.42640143271122094 , 0.6396021490668313
		value: -0.788675134594813 _ , 0.21132486540518713 , 0.5773502691896258.
	aBlock
		value: 0.0 _ , 0.7071067811865475 , 0.7071067811865475
		value: -0.21132486540518713 _ , 0.788675134594813 , 0.5773502691896258
		value: -0.2113248654051871 _ , 0.5773502691896257 , 0.7886751345948128.
	aBlock
		value: -0.408248290463863 _ , 0.816496580927726 , 0.408248290463863
		value: -0.42640143271122094 _ , 0.6396021490668313 , 0.6396021490668313
		value: -0.21132486540518713 _ , 0.788675134594813 , 0.5773502691896258.
	aBlock
		value: -0.408248290463863 _ , 0.408248290463863 , 0.816496580927726
		value: -0.2113248654051871 _ , 0.5773502691896257 , 0.7886751345948128
		value: -0.42640143271122094 _ , 0.6396021490668313 , 0.6396021490668313.
	aBlock
		value: -0.21132486540518713 _ , 0.788675134594813 , 0.5773502691896258
		value: -0.42640143271122094 _ , 0.6396021490668313 , 0.6396021490668313
		value: -0.2113248654051871 _ , 0.5773502691896257 , 0.7886751345948128.
	aBlock
		value: -0.816496580927726 _ , 0.408248290463863 , 0.408248290463863
		value: -0.6396021490668313 _ , 0.42640143271122094 , 0.6396021490668313
		value: -0.6396021490668313 _ , 0.6396021490668313 , 0.42640143271122094.
	aBlock
		value: -0.408248290463863 _ , 0.408248290463863 , 0.816496580927726
		value: -0.42640143271122094 _ , 0.6396021490668313 , 0.6396021490668313
		value: -0.6396021490668313 _ , 0.42640143271122094 , 0.6396021490668313.
	aBlock
		value: -0.408248290463863 _ , 0.816496580927726 , 0.408248290463863
		value: -0.6396021490668313 _ , 0.6396021490668313 , 0.42640143271122094
		value: -0.42640143271122094 _ , 0.6396021490668313 , 0.6396021490668313.
	aBlock
		value: -0.6396021490668313 _ , 0.42640143271122094 , 0.6396021490668313
		value: -0.42640143271122094 _ , 0.6396021490668313 , 0.6396021490668313
		value: -0.6396021490668313 _ , 0.6396021490668313 , 0.42640143271122094.
	aBlock
		value: -1.0 _ , 0.0 , 0.0
		value: -0.9807852804032304 _ , -0.19509032201612828 , 0.0
		value: -0.9807852804032304 _ , 0.0 , 0.19509032201612828.
	aBlock
		value: -0.9238795325112867 _ , -0.3826834323650898 , 0.0
		value: -0.9596829822606674 _ , -0.19875685341551344 , 0.19875685341551344
		value: -0.9807852804032304 _ , -0.19509032201612828 , 0.0.
	aBlock
		value: -0.9238795325112867 _ , 0.0 , 0.3826834323650898
		value: -0.9807852804032304 _ , 0.0 , 0.19509032201612828
		value: -0.9596829822606674 _ , -0.19875685341551344 , 0.19875685341551344.
	aBlock
		value: -0.9807852804032304 _ , -0.19509032201612828 , 0.0
		value: -0.9596829822606674 _ , -0.19875685341551344 , 0.19875685341551344
		value: -0.9807852804032304 _ , 0.0 , 0.19509032201612828.
	aBlock
		value: -0.7071067811865475 _ , -0.7071067811865475 , 0.0
		value: -0.7886751345948128 _ , -0.5773502691896257 , 0.2113248654051871
		value: -0.8314696123025452 _ , -0.5555702330196023 , 0.0.
	aBlock
		value: -0.816496580927726 _ , -0.408248290463863 , 0.408248290463863
		value: -0.890320034496634 _ , -0.404615044596354 , 0.20884659887152338
		value: -0.7886751345948128 _ , -0.5773502691896257 , 0.2113248654051871.
	aBlock
		value: -0.9238795325112867 _ , -0.3826834323650898 , 0.0
		value: -0.8314696123025452 _ , -0.5555702330196023 , 0.0
		value: -0.890320034496634 _ , -0.404615044596354 , 0.20884659887152338.
	aBlock
		value: -0.7886751345948128 _ , -0.5773502691896257 , 0.2113248654051871
		value: -0.890320034496634 _ , -0.404615044596354 , 0.20884659887152338
		value: -0.8314696123025452 _ , -0.5555702330196023 , 0.0.
	aBlock
		value: -0.7071067811865475 _ , 0.0 , 0.7071067811865475
		value: -0.8314696123025452 _ , 0.0 , 0.5555702330196023
		value: -0.788675134594813 _ , -0.21132486540518713 , 0.5773502691896258.
	aBlock
		value: -0.9238795325112867 _ , 0.0 , 0.3826834323650898
		value: -0.890320034496634 _ , -0.20884659887152338 , 0.404615044596354
		value: -0.8314696123025452 _ , 0.0 , 0.5555702330196023.
	aBlock
		value: -0.816496580927726 _ , -0.408248290463863 , 0.408248290463863
		value: -0.788675134594813 _ , -0.21132486540518713 , 0.5773502691896258
		value: -0.890320034496634 _ , -0.20884659887152338 , 0.404615044596354.
	aBlock
		value: -0.8314696123025452 _ , 0.0 , 0.5555702330196023
		value: -0.890320034496634 _ , -0.20884659887152338 , 0.404615044596354
		value: -0.788675134594813 _ , -0.21132486540518713 , 0.5773502691896258.
	aBlock
		value: -0.9238795325112867 _ , -0.3826834323650898 , 0.0
		value: -0.890320034496634 _ , -0.404615044596354 , 0.20884659887152338
		value: -0.9596829822606674 _ , -0.19875685341551344 , 0.19875685341551344.
	aBlock
		value: -0.816496580927726 _ , -0.408248290463863 , 0.408248290463863
		value: -0.890320034496634 _ , -0.20884659887152338 , 0.404615044596354
		value: -0.890320034496634 _ , -0.404615044596354 , 0.20884659887152338.
	aBlock
		value: -0.9238795325112867 _ , 0.0 , 0.3826834323650898
		value: -0.9596829822606674 _ , -0.19875685341551344 , 0.19875685341551344
		value: -0.890320034496634 _ , -0.20884659887152338 , 0.404615044596354.
	aBlock
		value: -0.890320034496634 _ , -0.404615044596354 , 0.20884659887152338
		value: -0.890320034496634 _ , -0.20884659887152338 , 0.404615044596354
		value: -0.9596829822606674 _ , -0.19875685341551344 , 0.19875685341551344.
	aBlock
		value: 0.0 _ , -1.0 , 0.0
		value: 0.0 _ , -0.9807852804032304 , 0.19509032201612828
		value: -0.19509032201612828 _ , -0.9807852804032304 , 0.0.
	aBlock
		value: 0.0 _ , -0.9238795325112867 , 0.3826834323650898
		value: -0.19875685341551344 _ , -0.9596829822606674 , 0.19875685341551344
		value: 0.0 _ , -0.9807852804032304 , 0.19509032201612828.
	aBlock
		value: -0.3826834323650898 _ , -0.9238795325112867 , 0.0
		value: -0.19509032201612828 _ , -0.9807852804032304 , 0.0
		value: -0.19875685341551344 _ , -0.9596829822606674 , 0.19875685341551344.
	aBlock
		value: 0.0 _ , -0.9807852804032304 , 0.19509032201612828
		value: -0.19875685341551344 _ , -0.9596829822606674 , 0.19875685341551344
		value: -0.19509032201612828 _ , -0.9807852804032304 , 0.0.
	aBlock
		value: 0.0 _ , -0.7071067811865475 , 0.7071067811865475
		value: -0.21132486540518713 _ , -0.788675134594813 , 0.5773502691896258
		value: 0.0 _ , -0.8314696123025452 , 0.5555702330196023.
	aBlock
		value: -0.408248290463863 _ , -0.816496580927726 , 0.408248290463863
		value: -0.20884659887152338 _ , -0.890320034496634 , 0.404615044596354
		value: -0.21132486540518713 _ , -0.788675134594813 , 0.5773502691896258.
	aBlock
		value: 0.0 _ , -0.9238795325112867 , 0.3826834323650898
		value: 0.0 _ , -0.8314696123025452 , 0.5555702330196023
		value: -0.20884659887152338 _ , -0.890320034496634 , 0.404615044596354.
	aBlock
		value: -0.21132486540518713 _ , -0.788675134594813 , 0.5773502691896258
		value: -0.20884659887152338 _ , -0.890320034496634 , 0.404615044596354
		value: 0.0 _ , -0.8314696123025452 , 0.5555702330196023.
	aBlock
		value: -0.7071067811865475 _ , -0.7071067811865475 , 0.0
		value: -0.5555702330196023 _ , -0.8314696123025452 , 0.0
		value: -0.5773502691896257 _ , -0.7886751345948128 , 0.2113248654051871.
	aBlock
		value: -0.3826834323650898 _ , -0.9238795325112867 , 0.0
		value: -0.404615044596354 _ , -0.890320034496634 , 0.20884659887152338
		value: -0.5555702330196023 _ , -0.8314696123025452 , 0.0.
	aBlock
		value: -0.408248290463863 _ , -0.816496580927726 , 0.408248290463863
		value: -0.5773502691896257 _ , -0.7886751345948128 , 0.2113248654051871
		value: -0.404615044596354 _ , -0.890320034496634 , 0.20884659887152338.
	aBlock
		value: -0.5555702330196023 _ , -0.8314696123025452 , 0.0
		value: -0.404615044596354 _ , -0.890320034496634 , 0.20884659887152338
		value: -0.5773502691896257 _ , -0.7886751345948128 , 0.2113248654051871.
	aBlock
		value: 0.0 _ , -0.9238795325112867 , 0.3826834323650898
		value: -0.20884659887152338 _ , -0.890320034496634 , 0.404615044596354
		value: -0.19875685341551344 _ , -0.9596829822606674 , 0.19875685341551344.
	aBlock
		value: -0.408248290463863 _ , -0.816496580927726 , 0.408248290463863
		value: -0.404615044596354 _ , -0.890320034496634 , 0.20884659887152338
		value: -0.20884659887152338 _ , -0.890320034496634 , 0.404615044596354.
	aBlock
		value: -0.3826834323650898 _ , -0.9238795325112867 , 0.0
		value: -0.19875685341551344 _ , -0.9596829822606674 , 0.19875685341551344
		value: -0.404615044596354 _ , -0.890320034496634 , 0.20884659887152338.
	aBlock
		value: -0.20884659887152338 _ , -0.890320034496634 , 0.404615044596354
		value: -0.404615044596354 _ , -0.890320034496634 , 0.20884659887152338
		value: -0.19875685341551344 _ , -0.9596829822606674 , 0.19875685341551344.
	aBlock
		value: 0.0 _ , 0.0 , 1.0
		value: -0.19509032201612828 _ , 0.0 , 0.9807852804032304
		value: 0.0 _ , -0.19509032201612828 , 0.9807852804032304.
	aBlock
		value: -0.3826834323650898 _ , 0.0 , 0.9238795325112867
		value: -0.19875685341551338 _ , -0.19875685341551338 , 0.9596829822606673
		value: -0.19509032201612828 _ , 0.0 , 0.9807852804032304.
	aBlock
		value: 0.0 _ , -0.3826834323650898 , 0.9238795325112867
		value: 0.0 _ , -0.19509032201612828 , 0.9807852804032304
		value: -0.19875685341551338 _ , -0.19875685341551338 , 0.9596829822606673.
	aBlock
		value: -0.19509032201612828 _ , 0.0 , 0.9807852804032304
		value: -0.19875685341551338 _ , -0.19875685341551338 , 0.9596829822606673
		value: 0.0 _ , -0.19509032201612828 , 0.9807852804032304.
	aBlock
		value: -0.7071067811865475 _ , 0.0 , 0.7071067811865475
		value: -0.5773502691896257 _ , -0.2113248654051871 , 0.7886751345948128
		value: -0.5555702330196023 _ , 0.0 , 0.8314696123025452.
	aBlock
		value: -0.408248290463863 _ , -0.408248290463863 , 0.816496580927726
		value: -0.404615044596354 _ , -0.20884659887152338 , 0.890320034496634
		value: -0.5773502691896257 _ , -0.2113248654051871 , 0.7886751345948128.
	aBlock
		value: -0.3826834323650898 _ , 0.0 , 0.9238795325112867
		value: -0.5555702330196023 _ , 0.0 , 0.8314696123025452
		value: -0.404615044596354 _ , -0.20884659887152338 , 0.890320034496634.
	aBlock
		value: -0.5773502691896257 _ , -0.2113248654051871 , 0.7886751345948128
		value: -0.404615044596354 _ , -0.20884659887152338 , 0.890320034496634
		value: -0.5555702330196023 _ , 0.0 , 0.8314696123025452.
	aBlock
		value: 0.0 _ , -0.7071067811865475 , 0.7071067811865475
		value: 0.0 _ , -0.5555702330196023 , 0.8314696123025452
		value: -0.2113248654051871 _ , -0.5773502691896257 , 0.7886751345948128.
	aBlock
		value: 0.0 _ , -0.3826834323650898 , 0.9238795325112867
		value: -0.20884659887152338 _ , -0.404615044596354 , 0.890320034496634
		value: 0.0 _ , -0.5555702330196023 , 0.8314696123025452.
	aBlock
		value: -0.408248290463863 _ , -0.408248290463863 , 0.816496580927726
		value: -0.2113248654051871 _ , -0.5773502691896257 , 0.7886751345948128
		value: -0.20884659887152338 _ , -0.404615044596354 , 0.890320034496634.
	aBlock
		value: 0.0 _ , -0.5555702330196023 , 0.8314696123025452
		value: -0.20884659887152338 _ , -0.404615044596354 , 0.890320034496634
		value: -0.2113248654051871 _ , -0.5773502691896257 , 0.7886751345948128.
	aBlock
		value: -0.3826834323650898 _ , 0.0 , 0.9238795325112867
		value: -0.404615044596354 _ , -0.20884659887152338 , 0.890320034496634
		value: -0.19875685341551338 _ , -0.19875685341551338 , 0.9596829822606673.
	aBlock
		value: -0.408248290463863 _ , -0.408248290463863 , 0.816496580927726
		value: -0.20884659887152338 _ , -0.404615044596354 , 0.890320034496634
		value: -0.404615044596354 _ , -0.20884659887152338 , 0.890320034496634.
	aBlock
		value: 0.0 _ , -0.3826834323650898 , 0.9238795325112867
		value: -0.19875685341551338 _ , -0.19875685341551338 , 0.9596829822606673
		value: -0.20884659887152338 _ , -0.404615044596354 , 0.890320034496634.
	aBlock
		value: -0.404615044596354 _ , -0.20884659887152338 , 0.890320034496634
		value: -0.20884659887152338 _ , -0.404615044596354 , 0.890320034496634
		value: -0.19875685341551338 _ , -0.19875685341551338 , 0.9596829822606673.
	aBlock
		value: -0.7071067811865475 _ , -0.7071067811865475 , 0.0
		value: -0.5773502691896257 _ , -0.7886751345948128 , 0.2113248654051871
		value: -0.7886751345948128 _ , -0.5773502691896257 , 0.2113248654051871.
	aBlock
		value: -0.408248290463863 _ , -0.816496580927726 , 0.408248290463863
		value: -0.6396021490668313 _ , -0.6396021490668313 , 0.42640143271122094
		value: -0.5773502691896257 _ , -0.7886751345948128 , 0.2113248654051871.
	aBlock
		value: -0.816496580927726 _ , -0.408248290463863 , 0.408248290463863
		value: -0.7886751345948128 _ , -0.5773502691896257 , 0.2113248654051871
		value: -0.6396021490668313 _ , -0.6396021490668313 , 0.42640143271122094.
	aBlock
		value: -0.5773502691896257 _ , -0.7886751345948128 , 0.2113248654051871
		value: -0.6396021490668313 _ , -0.6396021490668313 , 0.42640143271122094
		value: -0.7886751345948128 _ , -0.5773502691896257 , 0.2113248654051871.
	aBlock
		value: 0.0 _ , -0.7071067811865475 , 0.7071067811865475
		value: -0.2113248654051871 _ , -0.5773502691896257 , 0.7886751345948128
		value: -0.21132486540518713 _ , -0.788675134594813 , 0.5773502691896258.
	aBlock
		value: -0.408248290463863 _ , -0.408248290463863 , 0.816496580927726
		value: -0.42640143271122094 _ , -0.6396021490668313 , 0.6396021490668313
		value: -0.2113248654051871 _ , -0.5773502691896257 , 0.7886751345948128.
	aBlock
		value: -0.408248290463863 _ , -0.816496580927726 , 0.408248290463863
		value: -0.21132486540518713 _ , -0.788675134594813 , 0.5773502691896258
		value: -0.42640143271122094 _ , -0.6396021490668313 , 0.6396021490668313.
	aBlock
		value: -0.2113248654051871 _ , -0.5773502691896257 , 0.7886751345948128
		value: -0.42640143271122094 _ , -0.6396021490668313 , 0.6396021490668313
		value: -0.21132486540518713 _ , -0.788675134594813 , 0.5773502691896258.
	aBlock
		value: -0.7071067811865475 _ , 0.0 , 0.7071067811865475
		value: -0.788675134594813 _ , -0.21132486540518713 , 0.5773502691896258
		value: -0.5773502691896257 _ , -0.2113248654051871 , 0.7886751345948128.
	aBlock
		value: -0.816496580927726 _ , -0.408248290463863 , 0.408248290463863
		value: -0.6396021490668313 _ , -0.42640143271122094 , 0.6396021490668313
		value: -0.788675134594813 _ , -0.21132486540518713 , 0.5773502691896258.
	aBlock
		value: -0.408248290463863 _ , -0.408248290463863 , 0.816496580927726
		value: -0.5773502691896257 _ , -0.2113248654051871 , 0.7886751345948128
		value: -0.6396021490668313 _ , -0.42640143271122094 , 0.6396021490668313.
	aBlock
		value: -0.788675134594813 _ , -0.21132486540518713 , 0.5773502691896258
		value: -0.6396021490668313 _ , -0.42640143271122094 , 0.6396021490668313
		value: -0.5773502691896257 _ , -0.2113248654051871 , 0.7886751345948128.
	aBlock
		value: -0.408248290463863 _ , -0.816496580927726 , 0.408248290463863
		value: -0.42640143271122094 _ , -0.6396021490668313 , 0.6396021490668313
		value: -0.6396021490668313 _ , -0.6396021490668313 , 0.42640143271122094.
	aBlock
		value: -0.408248290463863 _ , -0.408248290463863 , 0.816496580927726
		value: -0.6396021490668313 _ , -0.42640143271122094 , 0.6396021490668313
		value: -0.42640143271122094 _ , -0.6396021490668313 , 0.6396021490668313.
	aBlock
