private
triangles128Do: aBlock
	aBlock
		value: 1.0 _ , 0.0 _ , 0.0
		value: 0.9238795325112867 _ , 0.3826834323650898 _ , 0.0
		value: 0.9238795325112867 _ , 0.0 _ , 0.3826834323650898.
	aBlock
		value: 0.7071067811865475 _ , 0.7071067811865475 _ , 0.0
		value: 0.816496580927726 _ , 0.408248290463863 _ , 0.408248290463863
		value: 0.9238795325112867 _ , 0.3826834323650898 _ , 0.0.
	aBlock
		value: 0.7071067811865475 _ , 0.0 _ , 0.7071067811865475
		value: 0.9238795325112867 _ , 0.0 _ , 0.3826834323650898
		value: 0.816496580927726 _ , 0.408248290463863 _ , 0.408248290463863.
	aBlock
		value: 0.9238795325112867 _ , 0.3826834323650898 _ , 0.0
		value: 0.816496580927726 _ , 0.408248290463863 _ , 0.408248290463863
		value: 0.9238795325112867 _ , 0.0 _ , 0.3826834323650898.
	aBlock
		value: 0.0 _ , 1.0 _ , 0.0
		value: 0.0 _ , 0.9238795325112867 _ , 0.3826834323650898
		value: 0.3826834323650898 _ , 0.9238795325112867 _ , 0.0.
	aBlock
		value: 0.0 _ , 0.7071067811865475 _ , 0.7071067811865475
		value: 0.408248290463863 _ , 0.816496580927726 _ , 0.408248290463863
		value: 0.0 _ , 0.9238795325112867 _ , 0.3826834323650898.
	aBlock
		value: 0.7071067811865475 _ , 0.7071067811865475 _ , 0.0
		value: 0.3826834323650898 _ , 0.9238795325112867 _ , 0.0
		value: 0.408248290463863 _ , 0.816496580927726 _ , 0.408248290463863.
	aBlock
		value: 0.0 _ , 0.9238795325112867 _ , 0.3826834323650898
		value: 0.408248290463863 _ , 0.816496580927726 _ , 0.408248290463863
		value: 0.3826834323650898 _ , 0.9238795325112867 _ , 0.0.
	aBlock
		value: 0.0 _ , 0.0 _ , 1.0
		value: 0.3826834323650898 _ , 0.0 _ , 0.9238795325112867
		value: 0.0 _ , 0.3826834323650898 _ , 0.9238795325112867.
	aBlock
		value: 0.7071067811865475 _ , 0.0 _ , 0.7071067811865475
		value: 0.408248290463863 _ , 0.408248290463863 _ , 0.816496580927726
		value: 0.3826834323650898 _ , 0.0 _ , 0.9238795325112867.
	aBlock
		value: 0.0 _ , 0.7071067811865475 _ , 0.7071067811865475
		value: 0.0 _ , 0.3826834323650898 _ , 0.9238795325112867
		value: 0.408248290463863 _ , 0.408248290463863 _ , 0.816496580927726.
	aBlock
		value: 0.3826834323650898 _ , 0.0 _ , 0.9238795325112867
		value: 0.408248290463863 _ , 0.408248290463863 _ , 0.816496580927726
		value: 0.0 _ , 0.3826834323650898 _ , 0.9238795325112867.
	aBlock
		value: 0.7071067811865475 _ , 0.7071067811865475 _ , 0.0
		value: 0.408248290463863 _ , 0.816496580927726 _ , 0.408248290463863
		value: 0.816496580927726 _ , 0.408248290463863 _ , 0.408248290463863.
	aBlock
		value: 0.0 _ , 0.7071067811865475 _ , 0.7071067811865475
		value: 0.408248290463863 _ , 0.408248290463863 _ , 0.816496580927726
		value: 0.408248290463863 _ , 0.816496580927726 _ , 0.408248290463863.
	aBlock
		value: 0.7071067811865475 _ , 0.0 _ , 0.7071067811865475
		value: 0.816496580927726 _ , 0.408248290463863 _ , 0.408248290463863
		value: 0.408248290463863 _ , 0.408248290463863 _ , 0.816496580927726.
	aBlock
		value: 0.408248290463863 _ , 0.816496580927726 _ , 0.408248290463863
		value: 0.408248290463863 _ , 0.408248290463863 _ , 0.816496580927726
		value: 0.816496580927726 _ , 0.408248290463863 _ , 0.408248290463863.
	aBlock
		value: 0.0 _ , 1.0 _ , 0.0
		value: -0.3826834323650898 _ , 0.9238795325112867 _ , 0.0
		value: 0.0 _ , 0.9238795325112867 _ , 0.3826834323650898.
	aBlock
		value: -0.7071067811865475 _ , 0.7071067811865475 _ , 0.0
		value: -0.408248290463863 _ , 0.816496580927726 _ , 0.408248290463863
		value: -0.3826834323650898 _ , 0.9238795325112867 _ , 0.0.
	aBlock
		value: 0.0 _ , 0.7071067811865475 _ , 0.7071067811865475
		value: 0.0 _ , 0.9238795325112867 _ , 0.3826834323650898
		value: -0.408248290463863 _ , 0.816496580927726 _ , 0.408248290463863.
	aBlock
		value: -0.3826834323650898 _ , 0.9238795325112867 _ , 0.0
		value: -0.408248290463863 _ , 0.816496580927726 _ , 0.408248290463863
		value: 0.0 _ , 0.9238795325112867 _ , 0.3826834323650898.
	aBlock
		value: -1.0 _ , 0.0 _ , 0.0
		value: -0.9238795325112867 _ , 0.0 _ , 0.3826834323650898
		value: -0.9238795325112867 _ , 0.3826834323650898 _ , 0.0.
	aBlock
		value: -0.7071067811865475 _ , 0.0 _ , 0.7071067811865475
		value: -0.816496580927726 _ , 0.408248290463863 _ , 0.408248290463863
		value: -0.9238795325112867 _ , 0.0 _ , 0.3826834323650898.
	aBlock
		value: -0.7071067811865475 _ , 0.7071067811865475 _ , 0.0
		value: -0.9238795325112867 _ , 0.3826834323650898 _ , 0.0
		value: -0.816496580927726 _ , 0.408248290463863 _ , 0.408248290463863.
	aBlock
		value: -0.9238795325112867 _ , 0.0 _ , 0.3826834323650898
		value: -0.816496580927726 _ , 0.408248290463863 _ , 0.408248290463863
		value: -0.9238795325112867 _ , 0.3826834323650898 _ , 0.0.
	aBlock
		value: 0.0 _ , 0.0 _ , 1.0
		value: 0.0 _ , 0.3826834323650898 _ , 0.9238795325112867
		value: -0.3826834323650898 _ , 0.0 _ , 0.9238795325112867.
	aBlock
		value: 0.0 _ , 0.7071067811865475 _ , 0.7071067811865475
		value: -0.408248290463863 _ , 0.408248290463863 _ , 0.816496580927726
		value: 0.0 _ , 0.3826834323650898 _ , 0.9238795325112867.
	aBlock
		value: -0.7071067811865475 _ , 0.0 _ , 0.7071067811865475
		value: -0.3826834323650898 _ , 0.0 _ , 0.9238795325112867
		value: -0.408248290463863 _ , 0.408248290463863 _ , 0.816496580927726.
	aBlock
		value: 0.0 _ , 0.3826834323650898 _ , 0.9238795325112867
		value: -0.408248290463863 _ , 0.408248290463863 _ , 0.816496580927726
		value: -0.3826834323650898 _ , 0.0 _ , 0.9238795325112867.
	aBlock
		value: -0.7071067811865475 _ , 0.7071067811865475 _ , 0.0
		value: -0.816496580927726 _ , 0.408248290463863 _ , 0.408248290463863
		value: -0.408248290463863 _ , 0.816496580927726 _ , 0.408248290463863.
	aBlock
		value: -0.7071067811865475 _ , 0.0 _ , 0.7071067811865475
		value: -0.408248290463863 _ , 0.408248290463863 _ , 0.816496580927726
		value: -0.816496580927726 _ , 0.408248290463863 _ , 0.408248290463863.
	aBlock
		value: 0.0 _ , 0.7071067811865475 _ , 0.7071067811865475
		value: -0.408248290463863 _ , 0.816496580927726 _ , 0.408248290463863
		value: -0.408248290463863 _ , 0.408248290463863 _ , 0.816496580927726.
	aBlock
		value: -0.816496580927726 _ , 0.408248290463863 _ , 0.408248290463863
		value: -0.408248290463863 _ , 0.408248290463863 _ , 0.816496580927726
		value: -0.408248290463863 _ , 0.816496580927726 _ , 0.408248290463863.
	aBlock
		value: -1.0 _ , 0.0 _ , 0.0
		value: -0.9238795325112867 _ , -0.3826834323650898 _ , 0.0
		value: -0.9238795325112867 _ , 0.0 _ , 0.3826834323650898.
	aBlock
		value: -0.7071067811865475 _ , -0.7071067811865475 _ , 0.0
		value: -0.816496580927726 _ , -0.408248290463863 _ , 0.408248290463863
		value: -0.9238795325112867 _ , -0.3826834323650898 _ , 0.0.
	aBlock
		value: -0.7071067811865475 _ , 0.0 _ , 0.7071067811865475
		value: -0.9238795325112867 _ , 0.0 _ , 0.3826834323650898
		value: -0.816496580927726 _ , -0.408248290463863 _ , 0.408248290463863.
	aBlock
		value: -0.9238795325112867 _ , -0.3826834323650898 _ , 0.0
		value: -0.816496580927726 _ , -0.408248290463863 _ , 0.408248290463863
		value: -0.9238795325112867 _ , 0.0 _ , 0.3826834323650898.
	aBlock
		value: 0.0 _ , -1.0 _ , 0.0
		value: 0.0 _ , -0.9238795325112867 _ , 0.3826834323650898
		value: -0.3826834323650898 _ , -0.9238795325112867 _ , 0.0.
	aBlock
		value: 0.0 _ , -0.7071067811865475 _ , 0.7071067811865475
		value: -0.408248290463863 _ , -0.816496580927726 _ , 0.408248290463863
		value: 0.0 _ , -0.9238795325112867 _ , 0.3826834323650898.
	aBlock
		value: -0.7071067811865475 _ , -0.7071067811865475 _ , 0.0
		value: -0.3826834323650898 _ , -0.9238795325112867 _ , 0.0
		value: -0.408248290463863 _ , -0.816496580927726 _ , 0.408248290463863.
	aBlock
		value: 0.0 _ , -0.9238795325112867 _ , 0.3826834323650898
		value: -0.408248290463863 _ , -0.816496580927726 _ , 0.408248290463863
		value: -0.3826834323650898 _ , -0.9238795325112867 _ , 0.0.
	aBlock
		value: 0.0 _ , 0.0 _ , 1.0
		value: -0.3826834323650898 _ , 0.0 _ , 0.9238795325112867
		value: 0.0 _ , -0.3826834323650898 _ , 0.9238795325112867.
	aBlock
		value: -0.7071067811865475 _ , 0.0 _ , 0.7071067811865475
		value: -0.408248290463863 _ , -0.408248290463863 _ , 0.816496580927726
		value: -0.3826834323650898 _ , 0.0 _ , 0.9238795325112867.
	aBlock
		value: 0.0 _ , -0.7071067811865475 _ , 0.7071067811865475
		value: 0.0 _ , -0.3826834323650898 _ , 0.9238795325112867
		value: -0.408248290463863 _ , -0.408248290463863 _ , 0.816496580927726.
	aBlock
		value: -0.3826834323650898 _ , 0.0 _ , 0.9238795325112867
		value: -0.408248290463863 _ , -0.408248290463863 _ , 0.816496580927726
		value: 0.0 _ , -0.3826834323650898 _ , 0.9238795325112867.
	aBlock
		value: -0.7071067811865475 _ , -0.7071067811865475 _ , 0.0
		value: -0.408248290463863 _ , -0.816496580927726 _ , 0.408248290463863
		value: -0.816496580927726 _ , -0.408248290463863 _ , 0.408248290463863.
	aBlock
		value: 0.0 _ , -0.7071067811865475 _ , 0.7071067811865475
		value: -0.408248290463863 _ , -0.408248290463863 _ , 0.816496580927726
		value: -0.408248290463863 _ , -0.816496580927726 _ , 0.408248290463863.
	aBlock
		value: -0.7071067811865475 _ , 0.0 _ , 0.7071067811865475
		value: -0.816496580927726 _ , -0.408248290463863 _ , 0.408248290463863
		value: -0.408248290463863 _ , -0.408248290463863 _ , 0.816496580927726.
	aBlock
		value: -0.408248290463863 _ , -0.816496580927726 _ , 0.408248290463863
		value: -0.408248290463863 _ , -0.408248290463863 _ , 0.816496580927726
		value: -0.816496580927726 _ , -0.408248290463863 _ , 0.408248290463863.
	aBlock
		value: 0.0 _ , -1.0 _ , 0.0
		value: 0.3826834323650898 _ , -0.9238795325112867 _ , 0.0
		value: 0.0 _ , -0.9238795325112867 _ , 0.3826834323650898.
	aBlock
		value: 0.7071067811865475 _ , -0.7071067811865475 _ , 0.0
		value: 0.408248290463863 _ , -0.816496580927726 _ , 0.408248290463863
		value: 0.3826834323650898 _ , -0.9238795325112867 _ , 0.0.
	aBlock
		value: 0.0 _ , -0.7071067811865475 _ , 0.7071067811865475
		value: 0.0 _ , -0.9238795325112867 _ , 0.3826834323650898
		value: 0.408248290463863 _ , -0.816496580927726 _ , 0.408248290463863.
	aBlock
		value: 0.3826834323650898 _ , -0.9238795325112867 _ , 0.0
		value: 0.408248290463863 _ , -0.816496580927726 _ , 0.408248290463863
		value: 0.0 _ , -0.9238795325112867 _ , 0.3826834323650898.
	aBlock
		value: 1.0 _ , 0.0 _ , 0.0
		value: 0.9238795325112867 _ , 0.0 _ , 0.3826834323650898
		value: 0.9238795325112867 _ , -0.3826834323650898 _ , 0.0.
	aBlock
		value: 0.7071067811865475 _ , 0.0 _ , 0.7071067811865475
		value: 0.816496580927726 _ , -0.408248290463863 _ , 0.408248290463863
		value: 0.9238795325112867 _ , 0.0 _ , 0.3826834323650898.
	aBlock
		value: 0.7071067811865475 _ , -0.7071067811865475 _ , 0.0
		value: 0.9238795325112867 _ , -0.3826834323650898 _ , 0.0
		value: 0.816496580927726 _ , -0.408248290463863 _ , 0.408248290463863.
	aBlock
		value: 0.9238795325112867 _ , 0.0 _ , 0.3826834323650898
		value: 0.816496580927726 _ , -0.408248290463863 _ , 0.408248290463863
		value: 0.9238795325112867 _ , -0.3826834323650898 _ , 0.0.
	aBlock
		value: 0.0 _ , 0.0 _ , 1.0
		value: 0.0 _ , -0.3826834323650898 _ , 0.9238795325112867
		value: 0.3826834323650898 _ , 0.0 _ , 0.9238795325112867.
	aBlock
		value: 0.0 _ , -0.7071067811865475 _ , 0.7071067811865475
		value: 0.408248290463863 _ , -0.408248290463863 _ , 0.816496580927726
		value: 0.0 _ , -0.3826834323650898 _ , 0.9238795325112867.
	aBlock
		value: 0.7071067811865475 _ , 0.0 _ , 0.7071067811865475
		value: 0.3826834323650898 _ , 0.0 _ , 0.9238795325112867
		value: 0.408248290463863 _ , -0.408248290463863 _ , 0.816496580927726.
	aBlock
		value: 0.0 _ , -0.3826834323650898 _ , 0.9238795325112867
		value: 0.408248290463863 _ , -0.408248290463863 _ , 0.816496580927726
		value: 0.3826834323650898 _ , 0.0 _ , 0.9238795325112867.
	aBlock
		value: 0.7071067811865475 _ , -0.7071067811865475 _ , 0.0
		value: 0.816496580927726 _ , -0.408248290463863 _ , 0.408248290463863
		value: 0.408248290463863 _ , -0.816496580927726 _ , 0.408248290463863.
	aBlock
		value: 0.7071067811865475 _ , 0.0 _ , 0.7071067811865475
		value: 0.408248290463863 _ , -0.408248290463863 _ , 0.816496580927726
		value: 0.816496580927726 _ , -0.408248290463863 _ , 0.408248290463863.
	aBlock
		value: 0.0 _ , -0.7071067811865475 _ , 0.7071067811865475
		value: 0.408248290463863 _ , -0.816496580927726 _ , 0.408248290463863
		value: 0.408248290463863 _ , -0.408248290463863 _ , 0.816496580927726.
	aBlock
		value: 0.816496580927726 _ , -0.408248290463863 _ , 0.408248290463863
		value: 0.408248290463863 _ , -0.408248290463863 _ , 0.816496580927726
		value: 0.408248290463863 _ , -0.816496580927726 _ , 0.408248290463863.
	aBlock
		value: 1.0 _ , 0.0 _ , 0.0
		value: 0.9238795325112867 _ , -0.3826834323650898 _ , 0.0
		value: 0.9238795325112867 _ , 0.0 _ , -0.3826834323650898.
	aBlock
		value: 0.7071067811865475 _ , -0.7071067811865475 _ , 0.0
		value: 0.816496580927726 _ , -0.408248290463863 _ , -0.408248290463863
		value: 0.9238795325112867 _ , -0.3826834323650898 _ , 0.0.
	aBlock
		value: 0.7071067811865475 _ , 0.0 _ , -0.7071067811865475
		value: 0.9238795325112867 _ , 0.0 _ , -0.3826834323650898
		value: 0.816496580927726 _ , -0.408248290463863 _ , -0.408248290463863.
	aBlock
		value: 0.9238795325112867 _ , -0.3826834323650898 _ , 0.0
		value: 0.816496580927726 _ , -0.408248290463863 _ , -0.408248290463863
		value: 0.9238795325112867 _ , 0.0 _ , -0.3826834323650898.
	aBlock
		value: 0.0 _ , -1.0 _ , 0.0
		value: 0.0 _ , -0.9238795325112867 _ , -0.3826834323650898
		value: 0.3826834323650898 _ , -0.9238795325112867 _ , 0.0.
	aBlock
		value: 0.0 _ , -0.7071067811865475 _ , -0.7071067811865475
		value: 0.408248290463863 _ , -0.816496580927726 _ , -0.408248290463863
		value: 0.0 _ , -0.9238795325112867 _ , -0.3826834323650898.
	aBlock
		value: 0.7071067811865475 _ , -0.7071067811865475 _ , 0.0
		value: 0.3826834323650898 _ , -0.9238795325112867 _ , 0.0
		value: 0.408248290463863 _ , -0.816496580927726 _ , -0.408248290463863.
	aBlock
		value: 0.0 _ , -0.9238795325112867 _ , -0.3826834323650898
		value: 0.408248290463863 _ , -0.816496580927726 _ , -0.408248290463863
		value: 0.3826834323650898 _ , -0.9238795325112867 _ , 0.0.
	aBlock
		value: 0.0 _ , 0.0 _ , -1.0
		value: 0.3826834323650898 _ , 0.0 _ , -0.9238795325112867
		value: 0.0 _ , -0.3826834323650898 _ , -0.9238795325112867.
	aBlock
		value: 0.7071067811865475 _ , 0.0 _ , -0.7071067811865475
		value: 0.408248290463863 _ , -0.408248290463863 _ , -0.816496580927726
		value: 0.3826834323650898 _ , 0.0 _ , -0.9238795325112867.
	aBlock
		value: 0.0 _ , -0.7071067811865475 _ , -0.7071067811865475
		value: 0.0 _ , -0.3826834323650898 _ , -0.9238795325112867
		value: 0.408248290463863 _ , -0.408248290463863 _ , -0.816496580927726.
	aBlock
		value: 0.3826834323650898 _ , 0.0 _ , -0.9238795325112867
		value: 0.408248290463863 _ , -0.408248290463863 _ , -0.816496580927726
		value: 0.0 _ , -0.3826834323650898 _ , -0.9238795325112867.
	aBlock
		value: 0.7071067811865475 _ , -0.7071067811865475 _ , 0.0
		value: 0.408248290463863 _ , -0.816496580927726 _ , -0.408248290463863
		value: 0.816496580927726 _ , -0.408248290463863 _ , -0.408248290463863.
	aBlock
		value: 0.0 _ , -0.7071067811865475 _ , -0.7071067811865475
		value: 0.408248290463863 _ , -0.408248290463863 _ , -0.816496580927726
		value: 0.408248290463863 _ , -0.816496580927726 _ , -0.408248290463863.
	aBlock
		value: 0.7071067811865475 _ , 0.0 _ , -0.7071067811865475
		value: 0.816496580927726 _ , -0.408248290463863 _ , -0.408248290463863
		value: 0.408248290463863 _ , -0.408248290463863 _ , -0.816496580927726.
	aBlock
		value: 0.408248290463863 _ , -0.816496580927726 _ , -0.408248290463863
		value: 0.408248290463863 _ , -0.408248290463863 _ , -0.816496580927726
		value: 0.816496580927726 _ , -0.408248290463863 _ , -0.408248290463863.
	aBlock
		value: 0.0 _ , -1.0 _ , 0.0
		value: -0.3826834323650898 _ , -0.9238795325112867 _ , 0.0
		value: 0.0 _ , -0.9238795325112867 _ , -0.3826834323650898.
	aBlock
		value: -0.7071067811865475 _ , -0.7071067811865475 _ , 0.0
		value: -0.408248290463863 _ , -0.816496580927726 _ , -0.408248290463863
		value: -0.3826834323650898 _ , -0.9238795325112867 _ , 0.0.
	aBlock
		value: 0.0 _ , -0.7071067811865475 _ , -0.7071067811865475
		value: 0.0 _ , -0.9238795325112867 _ , -0.3826834323650898
		value: -0.408248290463863 _ , -0.816496580927726 _ , -0.408248290463863.
	aBlock
		value: -0.3826834323650898 _ , -0.9238795325112867 _ , 0.0
		value: -0.408248290463863 _ , -0.816496580927726 _ , -0.408248290463863
		value: 0.0 _ , -0.9238795325112867 _ , -0.3826834323650898.
	aBlock
		value: -1.0 _ , 0.0 _ , 0.0
		value: -0.9238795325112867 _ , 0.0 _ , -0.3826834323650898
		value: -0.9238795325112867 _ , -0.3826834323650898 _ , 0.0.
	aBlock
		value: -0.7071067811865475 _ , 0.0 _ , -0.7071067811865475
		value: -0.816496580927726 _ , -0.408248290463863 _ , -0.408248290463863
		value: -0.9238795325112867 _ , 0.0 _ , -0.3826834323650898.
	aBlock
		value: -0.7071067811865475 _ , -0.7071067811865475 _ , 0.0
		value: -0.9238795325112867 _ , -0.3826834323650898 _ , 0.0
		value: -0.816496580927726 _ , -0.408248290463863 _ , -0.408248290463863.
	aBlock
		value: -0.9238795325112867 _ , 0.0 _ , -0.3826834323650898
		value: -0.816496580927726 _ , -0.408248290463863 _ , -0.408248290463863
		value: -0.9238795325112867 _ , -0.3826834323650898 _ , 0.0.
	aBlock
		value: 0.0 _ , 0.0 _ , -1.0
		value: 0.0 _ , -0.3826834323650898 _ , -0.9238795325112867
		value: -0.3826834323650898 _ , 0.0 _ , -0.9238795325112867.
	aBlock
		value: 0.0 _ , -0.7071067811865475 _ , -0.7071067811865475
		value: -0.408248290463863 _ , -0.408248290463863 _ , -0.816496580927726
		value: 0.0 _ , -0.3826834323650898 _ , -0.9238795325112867.
	aBlock
		value: -0.7071067811865475 _ , 0.0 _ , -0.7071067811865475
		value: -0.3826834323650898 _ , 0.0 _ , -0.9238795325112867
		value: -0.408248290463863 _ , -0.408248290463863 _ , -0.816496580927726.
	aBlock
		value: 0.0 _ , -0.3826834323650898 _ , -0.9238795325112867
		value: -0.408248290463863 _ , -0.408248290463863 _ , -0.816496580927726
		value: -0.3826834323650898 _ , 0.0 _ , -0.9238795325112867.
	aBlock
		value: -0.7071067811865475 _ , -0.7071067811865475 _ , 0.0
		value: -0.816496580927726 _ , -0.408248290463863 _ , -0.408248290463863
		value: -0.408248290463863 _ , -0.816496580927726 _ , -0.408248290463863.
	aBlock
		value: -0.7071067811865475 _ , 0.0 _ , -0.7071067811865475
		value: -0.408248290463863 _ , -0.408248290463863 _ , -0.816496580927726
		value: -0.816496580927726 _ , -0.408248290463863 _ , -0.408248290463863.
	aBlock
		value: 0.0 _ , -0.7071067811865475 _ , -0.7071067811865475
		value: -0.408248290463863 _ , -0.816496580927726 _ , -0.408248290463863
		value: -0.408248290463863 _ , -0.408248290463863 _ , -0.816496580927726.
	aBlock
		value: -0.816496580927726 _ , -0.408248290463863 _ , -0.408248290463863
		value: -0.408248290463863 _ , -0.408248290463863 _ , -0.816496580927726
		value: -0.408248290463863 _ , -0.816496580927726 _ , -0.408248290463863.
	aBlock
		value: -1.0 _ , 0.0 _ , 0.0
		value: -0.9238795325112867 _ , 0.3826834323650898 _ , 0.0
		value: -0.9238795325112867 _ , 0.0 _ , -0.3826834323650898.
	aBlock
		value: -0.7071067811865475 _ , 0.7071067811865475 _ , 0.0
		value: -0.816496580927726 _ , 0.408248290463863 _ , -0.408248290463863
		value: -0.9238795325112867 _ , 0.3826834323650898 _ , 0.0.
	aBlock
		value: -0.7071067811865475 _ , 0.0 _ , -0.7071067811865475
		value: -0.9238795325112867 _ , 0.0 _ , -0.3826834323650898
		value: -0.816496580927726 _ , 0.408248290463863 _ , -0.408248290463863.
	aBlock
		value: -0.9238795325112867 _ , 0.3826834323650898 _ , 0.0
		value: -0.816496580927726 _ , 0.408248290463863 _ , -0.408248290463863
		value: -0.9238795325112867 _ , 0.0 _ , -0.3826834323650898.
	aBlock
		value: 0.0 _ , 1.0 _ , 0.0
		value: 0.0 _ , 0.9238795325112867 _ , -0.3826834323650898
		value: -0.3826834323650898 _ , 0.9238795325112867 _ , 0.0.
	aBlock
		value: 0.0 _ , 0.7071067811865475 _ , -0.7071067811865475
		value: -0.408248290463863 _ , 0.816496580927726 _ , -0.408248290463863
		value: 0.0 _ , 0.9238795325112867 _ , -0.3826834323650898.
	aBlock
		value: -0.7071067811865475 _ , 0.7071067811865475 _ , 0.0
		value: -0.3826834323650898 _ , 0.9238795325112867 _ , 0.0
		value: -0.408248290463863 _ , 0.816496580927726 _ , -0.408248290463863.
	aBlock
		value: 0.0 _ , 0.9238795325112867 _ , -0.3826834323650898
		value: -0.408248290463863 _ , 0.816496580927726 _ , -0.408248290463863
		value: -0.3826834323650898 _ , 0.9238795325112867 _ , 0.0.
	aBlock
		value: 0.0 _ , 0.0 _ , -1.0
		value: -0.3826834323650898 _ , 0.0 _ , -0.9238795325112867
		value: 0.0 _ , 0.3826834323650898 _ , -0.9238795325112867.
	aBlock
		value: -0.7071067811865475 _ , 0.0 _ , -0.7071067811865475
		value: -0.408248290463863 _ , 0.408248290463863 _ , -0.816496580927726
		value: -0.3826834323650898 _ , 0.0 _ , -0.9238795325112867.
	aBlock
		value: 0.0 _ , 0.7071067811865475 _ , -0.7071067811865475
		value: 0.0 _ , 0.3826834323650898 _ , -0.9238795325112867
		value: -0.408248290463863 _ , 0.408248290463863 _ , -0.816496580927726.
	aBlock
		value: -0.3826834323650898 _ , 0.0 _ , -0.9238795325112867
		value: -0.408248290463863 _ , 0.408248290463863 _ , -0.816496580927726
		value: 0.0 _ , 0.3826834323650898 _ , -0.9238795325112867.
	aBlock
		value: -0.7071067811865475 _ , 0.7071067811865475 _ , 0.0
		value: -0.408248290463863 _ , 0.816496580927726 _ , -0.408248290463863
		value: -0.816496580927726 _ , 0.408248290463863 _ , -0.408248290463863.
	aBlock
		value: 0.0 _ , 0.7071067811865475 _ , -0.7071067811865475
		value: -0.408248290463863 _ , 0.408248290463863 _ , -0.816496580927726
		value: -0.408248290463863 _ , 0.816496580927726 _ , -0.408248290463863.
	aBlock
		value: -0.7071067811865475 _ , 0.0 _ , -0.7071067811865475
		value: -0.816496580927726 _ , 0.408248290463863 _ , -0.408248290463863
		value: -0.408248290463863 _ , 0.408248290463863 _ , -0.816496580927726.
	aBlock
		value: -0.408248290463863 _ , 0.816496580927726 _ , -0.408248290463863
		value: -0.408248290463863 _ , 0.408248290463863 _ , -0.816496580927726
		value: -0.816496580927726 _ , 0.408248290463863 _ , -0.408248290463863.
	aBlock
		value: 0.0 _ , 1.0 _ , 0.0
		value: 0.3826834323650898 _ , 0.9238795325112867 _ , 0.0
		value: 0.0 _ , 0.9238795325112867 _ , -0.3826834323650898.
	aBlock
		value: 0.7071067811865475 _ , 0.7071067811865475 _ , 0.0
		value: 0.408248290463863 _ , 0.816496580927726 _ , -0.408248290463863
		value: 0.3826834323650898 _ , 0.9238795325112867 _ , 0.0.
	aBlock
		value: 0.0 _ , 0.7071067811865475 _ , -0.7071067811865475
		value: 0.0 _ , 0.9238795325112867 _ , -0.3826834323650898
		value: 0.408248290463863 _ , 0.816496580927726 _ , -0.408248290463863.
	aBlock
		value: 0.3826834323650898 _ , 0.9238795325112867 _ , 0.0
		value: 0.408248290463863 _ , 0.816496580927726 _ , -0.408248290463863
		value: 0.0 _ , 0.9238795325112867 _ , -0.3826834323650898.
	aBlock
		value: 1.0 _ , 0.0 _ , 0.0
		value: 0.9238795325112867 _ , 0.0 _ , -0.3826834323650898
		value: 0.9238795325112867 _ , 0.3826834323650898 _ , 0.0.
	aBlock
		value: 0.7071067811865475 _ , 0.0 _ , -0.7071067811865475
		value: 0.816496580927726 _ , 0.408248290463863 _ , -0.408248290463863
		value: 0.9238795325112867 _ , 0.0 _ , -0.3826834323650898.
	aBlock
		value: 0.7071067811865475 _ , 0.7071067811865475 _ , 0.0
		value: 0.9238795325112867 _ , 0.3826834323650898 _ , 0.0
		value: 0.816496580927726 _ , 0.408248290463863 _ , -0.408248290463863.
	aBlock
		value: 0.9238795325112867 _ , 0.0 _ , -0.3826834323650898
		value: 0.816496580927726 _ , 0.408248290463863 _ , -0.408248290463863
		value: 0.9238795325112867 _ , 0.3826834323650898 _ , 0.0.
	aBlock
		value: 0.0 _ , 0.0 _ , -1.0
		value: 0.0 _ , 0.3826834323650898 _ , -0.9238795325112867
		value: 0.3826834323650898 _ , 0.0 _ , -0.9238795325112867.
	aBlock
		value: 0.0 _ , 0.7071067811865475 _ , -0.7071067811865475
		value: 0.408248290463863 _ , 0.408248290463863 _ , -0.816496580927726
		value: 0.0 _ , 0.3826834323650898 _ , -0.9238795325112867.
	aBlock
		value: 0.7071067811865475 _ , 0.0 _ , -0.7071067811865475
		value: 0.3826834323650898 _ , 0.0 _ , -0.9238795325112867
		value: 0.408248290463863 _ , 0.408248290463863 _ , -0.816496580927726.
	aBlock
		value: 0.0 _ , 0.3826834323650898 _ , -0.9238795325112867
		value: 0.408248290463863 _ , 0.408248290463863 _ , -0.816496580927726
		value: 0.3826834323650898 _ , 0.0 _ , -0.9238795325112867.
	aBlock
		value: 0.7071067811865475 _ , 0.7071067811865475 _ , 0.0
		value: 0.816496580927726 _ , 0.408248290463863 _ , -0.408248290463863
		value: 0.408248290463863 _ , 0.816496580927726 _ , -0.408248290463863.
	aBlock
		value: 0.7071067811865475 _ , 0.0 _ , -0.7071067811865475
		value: 0.408248290463863 _ , 0.408248290463863 _ , -0.816496580927726
		value: 0.816496580927726 _ , 0.408248290463863 _ , -0.408248290463863.
	aBlock
		value: 0.0 _ , 0.7071067811865475 _ , -0.7071067811865475
		value: 0.408248290463863 _ , 0.816496580927726 _ , -0.408248290463863
		value: 0.408248290463863 _ , 0.408248290463863 _ , -0.816496580927726.
	aBlock
		value: 0.816496580927726 _ , 0.408248290463863 _ , -0.408248290463863
		value: 0.408248290463863 _ , 0.408248290463863 _ , -0.816496580927726
		value: 0.408248290463863 _ , 0.816496580927726 _ , -0.408248290463863